Sat.EarthMJ2000Eq.X,Sat.EarthMJ2000Eq.Y,Sat.EarthMJ2000Eq.Z,Sat.ElapsedSecs
-137380.1984338506,75679.87867537055,21487.63875187856,0
-137394.1207686875,75653.08847237147,21492.77159373787,59.99999988125637
-137435.2333305495,75573.25015971862,21507.99128031708,238.4459245833568
-137561.1560215477,75321.6231182097,21555.21639323262,797.3623379599303
-137942.4735189708,74482.97687508508,21704.80770386236,2623.660447576549
-138909.7851663406,71359.40832081747,22169.83344136233,9002.506097580772
-139183.7778778375,64905.6852039493,22779.80550008262,20641.66611795081
-137559.797933083,57846.28551106063,23055.64552047697,31787.67809432466
-134344.5455240319,50667.17092531855,23017.95925954846,41972.70621716743
-130387.3949451306,44304.84913150442,22759.10220581034,50282.26811829954
-125756.3366837218,38264.92756942486,22335.3427310434,57678.16439992748
-120661.1237425651,32591.55517589611,21785.55542357992,64262.71461588331
-115254.5264710491,27297.25578669096,21139.74476902149,70137.29194990592
-109655.6750809646,22385.31185509216,20421.87015542867,75385.44946135953
-103959.0578508186,17852.77648316116,19651.41631102087,80077.38685623044
-98239.95678129117,13691.93669726934,18844.3722124433,84273.46466761082
-92558.202474345,9891.427876663003,18013.89824801693,88026.47150696721
-86961.0016216798,6437.184341248423,17170.81900862972,91383.08382349787
-81484.98367330222,3313.141817929665,16323.97870170624,94384.95248670224
-76158.11743081469,501.9945024385578,15480.56563624122,97069.32664074702
-71001.05296296027,-2014.326212793529,14646.34379074849,99469.6620282135
-66028.5268621704,-4254.114979971826,13825.89246213554,101615.9648268716
-61250.23987123907,-6235.616275304963,13022.76096348598,103535.2262297762
-56671.86965138781,-7976.682134162116,12239.64527607452,105251.6702213441
-52295.74236987995,-9494.589444515545,11478.50899199254,106787.0556882815
-48121.45138875226,-10805.87655124865,10740.69519683446,108160.9188037924
-44146.42527571055,-11926.20797349131,10027.03048909712,109390.776971227
-39933.79934859132,-12970.51475788847,9258.37424276343,110614.2759377137
-36369.54117368194,-13732.83407905238,8597.563115671221,111587.7645828528
-32602.93701456043,-14409.62575986564,7888.126691583169,112557.2695764829
-29411.9337610479,-14871.95642196137,7277.526213877949,113332.485614391
-26052.52553698467,-15239.46994168632,6624.417421705555,114104.2860200512
-23299.75050627031,-15441.5323432226,6080.697608789588,114703.7718513398
-20315.36617780815,-15549.85441149935,5481.677575497378,115321.1371753947
-17456.72130466295,-15534.0029864941,4897.57678712705,115881.6848874441
-15016.92741443804,-15416.96793558962,4390.128844870645,116337.0627367403
-12823.24449061149,-15220.4355014084,3925.991431654275,116729.0679719299
-10835.09763341322,-14958.51796793864,3498.110689933831,117070.6831292133
-9002.659988896452,-14637.72944253242,3096.891286603228,117374.6181454975
-7116.929492793552,-14217.43380155519,2676.221910193778,117677.1606750553
-5353.48282061754,-13729.50931403455,2274.644176138837,117951.5220046858
-3711.940557222284,-13179.62528609386,1892.570037083216,118200.4224852542
-2177.427595372328,-12567.77681243158,1526.967176453334,118428.4981900477
-935.8501333616503,-11991.40059757519,1224.14034223613,118610.726549034
304.0113033772442,-11329.93195572976,914.3226445977201,118791.7204869096
985.9818034792503,-10923.63437254904,740.2484184411396,118891.3502868614
1194.303702442553,-10792.81854929641,686.4956931028655,118921.8551810598
1395.554615050003,-10663.27783500355,634.2945181012476,118951.3725677272
1896.206966225341,-10326.78131983818,503.2057666856682,119025.07383388
2899.409872456151,-9584.383427774128,234.6571092798054,119174.5560829528
3784.582512082271,-8840.148961041743,-9.983434529895913,119309.723767871
4603.746350541856,-8059.170981420126,-244.3296172330407,119439.2508549266
5374.439642897259,-7222.519057526133,-473.5863301582554,119567.0842238003
6107.299632252848,-6308.443700234618,-701.7931897843163,119696.7534334632
6794.471499448458,-5310.415355388177,-927.9061263321286,119829.2977680336
7386.417828481252,-4297.565059557759,-1135.863153710186,119956.6854898701
7482.854363548976,-4114.938301280416,-1171.258315343635,119979.0561217116
7740.540896058903,-3614.401176366622,-1264.086142582679,120039.0561215929
8170.781284893927,-2669.909384815151,-1427.952273790139,120149.8438061681
8559.690463864395,-1651.077733252001,-1589.547301482825,120266.8534398079
8646.232076469891,-1394.477044767772,-1627.944724721795,120296.0508972988
8721.101389283675,-1161.241277337975,-1662.080754015712,120322.5233494537
8928.764921147585,-446.8724821563173,-1762.266400502497,120403.3333362895
9190.780890556232,664.5771002590396,-1905.816719720223,120528.8122774917
9403.398019225364,1910.601179753366,-2050.379612421139,120670.1832653023
9530.876680824967,3068.458115224136,-2170.570557626564,120803.1805966864
9595.221316342198,4187.730205487925,-2274.875310109855,120933.9801685419
9605.940647130044,5311.423681337466,-2368.72194062709,121068.1039705058
9564.858268241265,6462.77545588185,-2454.375049429734,121208.9775758679
9470.205371944094,7658.251539312685,-2532.822121825701,121359.4446054194
9317.736006633857,8912.395425780091,-2604.394171485525,121522.3814775003
9101.247811514095,10238.06740797596,-2668.89036433814,121700.7711301907
8813.891599507728,11642.5486470047,-2725.5243269858,121897.1843319596
8450.856342314084,13121.90206837522,-2773.005565566708,122112.845353852
8010.341525466616,14665.21836879645,-2810.081897884579,122347.9524062946
7490.188098603363,16268.22119549341,-2835.969937491293,122603.6121195881
6884.894701718373,17937.50606087197,-2850.099225285781,122882.7662453405
6101.248697455103,19886.27761960108,-2851.068841759997,123225.9690005681
5276.492625984773,21755.3824162542,-2837.252921324101,123573.2521689381
4271.979617179155,23850.83630445268,-2805.661236062612,123984.3340476626
3145.860798615481,26024.95269241858,-2755.971400154883,124435.8248021454
1898.471552599977,28270.3297615066,-2687.647635605038,124929.5152755571
523.1548665723916,30592.93111219325,-2599.834534879993,125470.1877732296
-988.5340075309421,33000.23224170021,-2491.439476660079,126063.5022561648
-2646.105573842194,35499.81177754813,-2361.163249868526,126715.785761748
-4459.94200055936,38099.08815944439,-2207.51766848429,127434.0396840591
-6441.211376166993,40805.25680529606,-2028.837677476275,128225.991089351
-8601.886778143251,43625.36192530314,-1823.283289265628,129100.1882647164
-10954.77673113845,46566.35078438649,-1588.83776386147,130066.1070325761
-13513.39512649713,49634.91407504403,-1323.320669494317,131134.1985272127
-16292.24990610345,52837.82457906025,-1024.357116855882,132316.1204281147
-19306.75621776738,56181.78001426291,-689.3821905137864,133624.8297457583
-22572.97007653732,59673.07803669841,-315.667791863707,135074.6062269202
-26108.02006658256,63318.05231121831,99.72928048124857,136681.3970341464
-29929.79698081187,67122.67888021149,559.9374763929717,138462.8595613525
-34057.0164707751,71092.59560856699,1068.282346272389,140438.5881293099
-38509.32609474414,75233.13942928634,1628.306163900532,142630.3955248673
-43307.04068394766,79549.02512256461,2243.742202051574,145062.4471646268
-48471.26965164147,84044.39496835101,2918.538257487819,147761.6206543869
-54023.56311070533,88722.4314248577,3656.819411812211,150757.6628715615
-59986.03470746043,93585.3914150678,4462.913371422536,154083.639396017
-66380.98695209027,98634.21020005827,5341.311688782343,157776.1763725081
-73230.78444404216,103868.3211557504,6296.664842624981,161875.895494048
-80557.61710001799,109285.3792469625,7333.764968290688,166427.8681830852
-88383.15703670989,114880.9026790169,8457.516456910487,171482.0981210098
-96728.03966810252,120647.7941536984,9672.884438000634,177093.9950687578
-105611.1208541815,126575.7278601386,10984.81371138482,183324.806600099
-115049.3364866551,132650.9476706141,12398.24238229707,190242.61969988
-125056.7050186167,138855.4728234512,13917.99968137385,197922.9873338132
-135643.1711906012,145166.2413341386,15548.68897018882,206449.6379299555
-146813.4739412289,151554.2959631012,17294.58939401318,215915.4797527241
-158566.47959764,157984.2145655312,19159.65730248856,226424.4553546538
-170893.4254019922,164412.8684637751,21147.39902869497,238093.140744511
-183771.9412747039,170786.1372346803,23260.10235060129,251048.8055161899
-197170.7112251951,177041.0748726672,25499.87865927505,265438.8343233964
-211041.069133904,183101.2871241208,27867.73449959257,281429.3760128436
-225323.6746560718,188879.0138996097,30365.44902134308,299223.8854546915
-239916.4461963433,194261.1907893483,32991.15274354757,319038.7606019969
-254431.3092819353,199036.6770938159,35694.67787154591,340733.9966141735
-254469.4335832227,199048.3952875089,35701.92172260801,340793.9966140548
-254574.5332511595,199080.6760871369,35721.8955680644,340959.49106568
-254881.3391733859,199174.7124022499,35780.23893563775,341443.3472048608
-255728.2795476772,199432.7665966226,35941.57650150107,342784.850358346
-257617.3895939046,200000.1553813326,36302.95700610764,345808.4091642871
-260911.8997696978,200961.9227801438,36938.42353257907,351188.7400227715
-267348.6219735515,202734.4260855412,38201.05581022691,362125.5115280743
-275624.5138476203,204788.9243170065,39872.47119178605,377125.5115282489
-283281.0762503588,206437.7936091706,41478.95041136314,392125.5115281092
-290335.7775760065,207711.6089237267,43026.12185973195,407125.5115279695
-296802.2846303529,208639.7000421706,44520.31280092847,422125.5115281441
-302690.6019878726,209251.6033404395,45969.0803627787,437125.5115280044
-308006.9935615884,209579.0087156115,47382.05411634662,452125.511528179
-312151.1765595936,209660.8992696659,48586.93075211236,465117.1466749976
-315402.1564301436,209604.1982927907,49628.62658639428,476398.6665225355
-317965.1461606321,209478.9299559385,50540.46174874914,486212.7651030547
-319996.1084365208,209330.5552961667,51348.49189432748,494770.3233506531
-321613.1062200664,209188.0703294676,52072.79978610521,502248.7870316952
-322906.8699148241,209069.3804201875,52729.2730175396,508800.6149416091
-323947.5672817364,208984.9964444019,53330.62313337092,514556.748193677
-324789.7657555162,208940.5912659093,53887.11100774723,519629.2521266034
-325476.2879121408,208938.753805713,54407.17630638171,524114.4301797613
-326041.0465067916,208980.213286997,54897.88863610411,528095.1271704049
-326511.0560096976,209064.652518109,55365.13266988708,531641.5025393246
-326907.8039124485,209191.0527728462,55813.39806501649,534809.8658244358
-327248.0204217139,209357.2887627958,56244.91271972054,537638.9439153601
-327544.4161289657,209558.9825097482,56658.78818400588,540149.2015428026
-327807.8803589451,209789.7527264066,57053.1996870017,542360.4055780219
-328049.4969930587,210043.9529859981,57429.09698582334,544310.0788809475
-328280.2625314557,210318.4422674409,57790.37094775479,546047.1464621834
-328396.4814454514,210465.0794259696,57969.6418154297,546862.3703923076
-328424.8779238642,210501.5059233795,58012.95715968277,547054.9096709001
-328463.2677528182,210551.0443912597,58071.15447994519,547310.9508549795
-328606.4592272168,210737.879150537,58283.98592749347,548222.2205337603
-328849.4218249547,211056.3501872985,58626.70433321608,549612.0999298291
-328946.6828364951,211182.3492086101,58756.64063700024,550116.0569711588
-328975.3878776299,211219.242055429,58794.16734813204,550259.4114327338
-329002.5364735195,211253.9932992121,58829.31351556984,550392.8075536969
-329030.705923691,211289.8971803967,58865.42615289061,550529.0154682123
-329119.6661959349,211402.1613683761,58977.10713882351,550944.9143099715
-329382.0602200656,211721.8129700899,59286.17226073094,552057.0393646136
-329722.0890718952,212107.3642691924,59645.20082591222,553287.6823227271
-330112.6199259674,212509.6919920264,60008.6391211781,554481.8624068634
-330533.3835961121,212898.7333235595,60353.16708483065,555581.2826364068
-330990.3599054848,213276.0021696257,60683.94131789973,556620.7755450276
-331026.037332484,213303.6878868972,60708.16300566164,556696.6379110934
-331055.8135424335,213296.2759100109,60711.82850927292,556756.6379109747
-331141.4289601918,213275.2437481472,60722.23912608779,556926.9643228501
-331408.5604877318,213211.9062874948,60753.49638495846,557439.1210034955
-332086.6235623872,213061.3792681026,60824.63313577947,558631.2137627159
-332910.3750108914,212886.8153291256,60895.83059483376,559923.9923737943
-333833.3772296245,212690.2361599089,60956.94040723307,561228.6612942349
-334846.9511553763,212464.3338314111,61002.78205012035,562534.7103696316
-335946.667534523,212200.9401665764,61028.89933029554,563840.918308706
-337127.8258441918,211892.1219371523,61031.10007817988,565147.1331226174
-338384.8849973722,211530.3956937301,61005.44654380161,566453.2997381757
-339711.4637351387,211108.8201732255,60948.29320442244,567759.3747083098
-341100.3825657252,210621.0789542601,60856.32669778053,569065.2989097987
-342543.7467905923,210061.5486018153,60726.60260515328,570371.0062792059
-344033.0483322915,209425.3536168515,60556.57615173557,571676.4398115221
-345559.2159399614,208708.4379963886,60344.13504304104,572981.515660265
-347112.8106498998,207907.5644462816,60087.60936852726,574286.2075365381
-348684.0079010638,207020.4052120931,59785.80601747267,575590.4438124737
-350262.7846980257,206045.5296697576,59438.01050920565,576894.1771509591
-351839.0570765738,204982.3936882925,59043.98390450879,578197.4078578292
-353402.6932074705,203831.4031431859,58603.98574858317,579500.1051314757
-354943.7221597959,202593.8396782311,58118.74509550999,580802.2906817612
-356452.3581067515,201271.9026151617,57589.47333858101,582103.9704349008
-357919.1527200323,199868.6468800816,57017.83615668314,583405.1751903025
-359335.1223014343,198387.9116341113,56405.91894201461,584705.9880253044
-360691.7530478982,196834.3605972945,55756.23742748686,586006.4660520991
-361981.1585871167,195213.3600928434,55071.6810731118,587306.7036676803
-363196.1204472352,193530.9618227617,54355.49868893166,588606.795506354
-364330.1790460102,191793.8150481002,53611.25399839706,589906.8542733905
-365377.6817545145,190009.1181318893,52842.79727628022,591206.9926728029
-366333.8352265421,188184.5560774436,52054.23075249308,592507.3141955305
-367194.7830638927,186328.1638885545,51249.84148029084,593807.9528311151
-367957.606569057,184448.3114725121,50434.08640921149,595109.0233169147
-368620.3624956461,182553.6140380536,49611.54517077161,596410.6241043541
-369182.1112323066,180652.8316592793,48786.86787314127,597712.8451845841
-369642.923684446,178754.7994005208,47964.73600632097,599015.7534502214
-370003.8953285121,176868.2883507489,47149.7933786602,600319.424897572
-370267.1212979458,175001.9869468688,46346.62918933141,601623.894179624
-370435.6913716424,173164.356659266,45559.70681281077,602929.1909645428
-370513.6566510891,171363.594906953,44793.3389421778,604235.3022875148
-370505.9978470296,169607.4835383376,44051.61397770313,605542.2176775523
-370418.5726202465,167903.339186237,43338.36654999779,606849.9050157261
-370258.0633962275,166257.9703480163,42657.15064070468,608158.2801236305
-370031.9038492742,164677.5061961953,42011.16000928116,609467.2809671145
-369748.2024987084,163167.3834015273,41403.21575016691,610776.8270547618
-369415.665302941,161732.3078338178,40835.74314441236,612086.7971936823
-369043.4919608202,160376.1397057877,40310.7190497019,613397.0824715216
-368641.2780204278,159101.8695901516,39829.65761352597,614707.5718533131
-368218.90810206,157911.579377377,39393.5912040159,616018.1594404159
-367786.4587150202,156806.4479330876,39003.06908661276,617328.7116955966
-367354.0653233489,155786.6780002209,38658.12947518159,618639.1362039722
-366931.8224721174,154851.5307347437,38358.31317934278,619949.3464228115
-366529.6789218956,153999.3454912638,38102.67205820876,621259.2443995178
-366257.859411161,153435.3709849185,37945.08157461903,622202.7488486376
-366169.0494951159,153251.7928069827,37896.1439968893,622525.4823114141
-366122.2025495572,153154.8976760761,37870.82820933448,622699.2308726767
-366080.1619038822,153067.849341411,37848.4015430962,622857.4191246182
-365949.8344168893,152796.9097922357,37780.62531543649,623363.219177979
-365667.29907172,152196.1865262904,37642.75050469006,624566.9152227463
-365412.7083241129,151615.1949902839,37529.27299543886,625863.0515498458
-365275.9382743602,151264.9124158057,37472.65880580276,626723.0002336088
-365227.3078081561,151127.2582931438,37453.27367575165,627080.005932413
-365203.7642399109,151056.7351361721,37444.02639889597,627267.4650764326
-365183.679632368,150993.9898322687,37436.20623836019,627436.9634294068
-365125.9057584786,150794.4143777206,37414.02643429795,627994.0479379264
-365046.7426909733,150400.253775711,37383.65330888834,629183.8851166307
-365033.3965805671,150016.2155803644,37374.09937245173,630476.9946546759
-365101.7307512082,149668.1550676827,37385.32193897233,631781.9450156414
-365256.7427357436,149351.5060098364,37413.26712706444,633087.9832724109
-365501.7858325845,149058.1809579678,37453.45518941657,634393.9204566297
-365839.2158150753,148779.5042168257,37501.2696313643,635699.6983867837
-366270.3733785375,148506.6099578504,37552.01180006406,637005.3464626078
-366795.573443528,148230.5541544209,37600.95055378599,638310.9171188786
-367414.0978812812,147942.4143217813,37643.37109125021,639616.4590744651
-368124.2094263431,147633.3800961682,37674.62444634068,640922.0278250054
-368923.1456530547,147294.8555217048,37690.17504466671,642227.6419732952
-369807.1570787186,146918.5444502274,37685.64998218375,643533.3113233326
-370771.5499291908,146496.5368490801,37656.88539840063,644839.0426962054
-371810.722731064,146021.3982061004,37599.97115957956,646144.8237623437
-372918.2182269237,145486.252945189,37511.29422684934,647450.6196506205
-374086.8032429341,144884.8540559836,37387.57779206776,648756.39047554
-375308.5637845627,144211.6404266369,37225.91412855998,650062.1106658014
-376574.9304706026,143461.8295234865,37023.80391093103,651367.7064709249
-377876.8201759037,142631.4454273615,36779.17909834536,652673.1130401255
-379204.7515317695,141717.3481983535,36490.4203617703,653978.2902993145
-380548.9075930326,140717.2919287526,36156.38140043516,655283.1834663637
-381899.2256909459,139629.9668467747,35776.40861445374,656587.709356437
-383245.564104417,138454.972375277,35350.33468659104,657891.8125930242
-384577.8425083825,137192.783718482,34878.46489390248,659195.4957560753
-385886.0303869012,135844.8532747,34361.61269954706,660498.7028398085
-387160.3695476225,134413.4891169149,33801.05176632829,661801.4316801215
-388391.4372529355,132901.8602248258,33198.51242109806,663103.6955618067
-389570.2494504998,131313.9528480869,32556.15882160305,664405.5284117698
-390688.3278778366,129654.5622915212,31876.57953308823,665706.9548382307
-391737.833442141,127929.1763141353,31162.7331029896,667008.0411749426
-392711.6167389552,126143.9505045773,30417.92984285283,668308.8642580784
-393603.2780783522,124305.6696446599,29645.80790501201,669609.4916818198
-394407.2650724527,122421.6115518703,28850.2678054983,670910.0270364317
-395118.9090149462,120499.4935547737,28035.44076618299,672210.590176424
-395734.4535022376,118547.4384546063,27205.66537202036,673511.2848781398
-396251.1107691989,116573.84203604,26365.42221363465,674812.2311277897
-396667.0702383483,114587.3585850194,25519.31836585942,676113.5163903236
-396981.545412167,112596.6874414125,24671.98703308142,677415.2767282329
-397194.7492156519,110610.638177501,23828.10578750576,678717.594389047
-397307.9133147235,108637.9707545892,22992.31888985015,680020.5424062791
-397323.2765390983,106687.2721105405,22169.17536216322,681324.2057277937
-397244.0612184157,104766.9538907439,21363.11845374155,682628.6226932541
-397074.4434874767,102885.06426869,20578.39687864302,683933.8519358542
-396819.5246375619,101049.3502784901,19819.08137747942,685239.8698987789
-396485.2690442075,99267.0079681506,19088.95126765466,686546.6858193045
-396078.4556078364,97544.71255020768,18391.49837733593,687854.2659606901
-395606.6089756247,95888.51494855263,17729.87575983998,689162.5533081824
-395077.9148004063,94303.74795974865,17106.85184462874,690471.4886357775
-394501.1410463212,92794.99231167629,16524.78965440435,691780.9908337891
-393885.5557579047,91366.0410182631,15985.62549050528,693090.9395611379
-393240.7983351758,90019.78223035141,15490.81830759989,694401.2410020106
-392576.804026905,88758.235348669,15041.35902461743,695711.7654466652
-391903.6624851527,87582.45922426814,14637.73388634744,697022.4157688557
-391231.5427324576,86492.60732728828,14279.94262482874,698333.0575968255
-390570.5425526358,85487.85743983707,13967.47476320616,699643.5966901132
-389930.6073709813,84566.47186431644,13699.33248117803,700953.9213376469
-389321.4049056076,83725.79093163241,13474.03315126111,702263.9344128664
-389247.2131001019,83625.30757830027,13448.56298828256,702429.1577107622
-389176.6342435614,83530.03090430003,13424.72989184796,702587.7011037315
-388962.4379215151,83242.52618325909,13354.77677823072,703077.7754270355
-388482.8475285847,82604.70220973573,13211.31235563166,704234.6274462529
-387996.701205226,81957.35819210226,13085.32572755713,705525.4531000857
-387564.8029556059,81366.06387337993,12991.6101207607,706831.8632798153
-387514.3776312117,81294.87249450818,12981.92543978124,706998.6989111756
-387468.8697298091,81230.05251722528,12973.43246244204,707152.5453568669
-387334.1582652218,81034.33558996451,12949.74205474614,707628.7470065989
-387045.8031827987,80585.74480985591,12907.44093950696,708792.0414920663
-386797.7030832747,80132.23819457981,12883.69189938695,710082.1370487101
-386628.4185358392,79713.35045134281,12880.5681973587,711386.9166467339
-386545.4870984591,79326.08820207883,12894.20529348815,712692.9841360194
-386552.4661285908,78962.51014460351,12920.12386372844,713998.8592970883
-386651.6564311553,78613.94130416181,12953.69366659849,715304.4459067401
-386844.3239513148,78271.50273185386,12990.20506762078,716609.7849006183
-387130.7067820391,77926.24097379016,13024.91919903194,717914.9438914494
-387510.015218169,77569.22816925992,13053.11703423398,719219.9932576739
-387980.4351180862,77191.65979848134,13070.14820190632,720524.9883462559
-388539.1468435529,76784.94477718853,13071.48001171982,721829.977596947
-389182.363672511,76340.78906346692,13052.74465598938,723135.0208112737
-389905.3497490689,75851.29722588515,13009.78524508521,724440.143411234
-390702.4755539417,75309.05013995133,12938.70057820389,725745.3595221159
-391567.2707639772,74707.18785051264,12835.88762036921,727050.665116834
-392492.5080034809,74039.47169506333,12698.07830921054,728356.063608604
-393470.2493795395,73300.37217435057,12522.37876640474,729661.5238462924
-394491.9432943942,72485.12124445573,12306.30044435657,730967.0035414165
-395548.5283169341,71589.75422372801,12047.78462870025,732272.4660997395
-396630.517893535,70611.16220147978,11745.22715492093,733577.8653056477
-397728.0979555766,69547.13126094677,11397.49811466175,734883.1421512761
-398831.232230913,68396.37033484307,11003.95618745162,736188.2257694146
-399929.7867384763,67158.51125374075,10564.45127520076,737493.0528239929
-401013.6380202221,65834.11329691851,10079.32604321809,738797.5659215008
-402072.79453917,64424.63984555543,9549.405469165498,740101.728821313
-403097.4869449358,62932.4608653875,8975.994242874882,741405.5064769113
-404078.2842250521,61360.81062897457,8360.856218191955,742708.8797533535
-405006.1786931125,59713.77666316616,7706.204511001487,744011.8246720056
-405872.7157961163,57996.19419833385,7014.653042896869,745314.3603863544
-406670.0448526077,56213.65676968671,6289.212910962508,746616.4969968027
-407391.0264109369,54372.4052837108,5533.239477571856,747918.2734672562
-408029.2988012992,52479.26283099038,4750.396598880207,749219.7527609998
-408579.331561373,50541.58587620535,3944.627262165237,750521.0034211515
-409036.4871481885,48567.16401743059,3120.102535267176,751822.1138141351
-409397.058582736,46564.16458389476,2281.188693081527,753123.1731811306
-409658.3114569894,44541.01558441576,1432.388332826729,754424.2914711242
-409818.5025314033,42506.35209302413,578.3078164092069,755725.5761707085
-409876.8984155314,40468.92063437756,-276.3929539535048,757027.1357757621
-409833.7812996787,38437.47130351721,-1127.055943108232,758329.090417712
-409690.4491803345,36420.75695936012,-1969.035541183775,759631.5137175377
-409449.2063611225,34427.35434068178,-2797.783723240405,760934.4884520862
-409113.3345034653,32465.57592984902,-3608.896700823733,762238.1061410531
-408687.0661733835,30543.43478538773,-4398.139350603742,763542.4331185059
-408175.5525452799,28668.57343230397,-5161.484648875929,764847.4997956655
-407584.8005628257,26848.12470695438,-5895.180334182142,766153.339606896
-406921.6244230505,25088.68038163347,-6595.7707672375,767459.9576511187
-406193.5873929387,23396.23186648234,-7260.13016759997,768767.3187545151
-405408.8944081326,21776.02847365604,-7885.527143388612,770075.4048231756
-404576.3309267604,20232.58114154435,-8469.630434596509,771384.1688471963
-403705.1911662588,18769.63442352644,-9010.527692981157,772693.5103814118
-402805.1410940894,17390.04735273574,-9506.776875006035,774003.3383637783
-401886.115564147,16095.77114323389,-9957.418223017496,775313.5668626055
-400958.251350246,14887.88138317161,-10361.96678226152,776624.0584383602
-400031.7269690927,13766.49130371572,-10720.44478626952,777934.6963586868
-399116.6531395395,12730.76001679858,-11033.37708264038,779245.3821168398
-398222.9999406559,11778.94486321042,-11301.77237221193,780555.981987936
-397360.4440770478,10908.37014537005,-11527.12793065072,781866.3893155055
-397266.0299640212,10815.62416390603,-11549.80639456939,782013.3821717114
-397176.0008105022,10727.61824421722,-11571.06622484925,782154.3067867169
-397090.487509688,10644.40910858816,-11590.92909750196,782288.875874877
-396831.6638615173,10394.74492530021,-11649.08137241385,782700.6891332217
-396141.8445538725,9743.773328204948,-11789.49246937645,783836.9619477773
-395408.1876053524,9069.506802501302,-11914.90832552882,785125.7169313263
-394724.6246801694,8450.150114900338,-12008.16853981993,786432.4014752638
-394611.9855709034,8348.148582205966,-12021.19885141466,786660.6665662257
-394509.6732534727,8255.360765434563,-12032.43002629835,786871.8085049302
-394413.0061413269,8167.514074465709,-12042.50085334324,787074.8678852571
-394116.7898702291,7896.586373330919,-12069.95549192692,787721.406993689
-393612.7293475995,7423.827885891792,-12103.74947529231,788929.1538154939
-393147.5626098351,6959.24014248212,-12117.70437597169,790224.9117178959
-392762.6885049488,6528.172753575308,-12112.46544997288,791530.5045561399
-392465.7026680809,6125.903346932806,-12092.21686414764,792836.727835983
-392259.7584280423,5744.189802745729,-12061.52420147949,794142.6140969968
-392146.6768774145,5374.264907656684,-12025.06792031822,795448.0752402451
-392127.2165663904,5007.192600058524,-11987.58191767951,796753.1918401248
-392201.1067238804,4634.022885233449,-11953.80697025124,798058.0135656986
-392367.0516870403,4245.863713531542,-11928.43916317748,799362.6348101883
-392622.7435290281,3833.994528982949,-11916.0829904888,800667.1200519078
-392964.8899180974,3389.943833635674,-11921.20252009468,801971.5478853439
-393389.2443385352,2905.585503174649,-11948.07542546575,803275.9831402218
-393890.6449218199,2373.226973796896,-12000.74747995006,804580.4709348595
-394463.0759749736,1785.680436614684,-12082.99063759844,805885.0619007717
-395099.7266650492,1136.342477531646,-12198.26355551148,807189.7984801442
-395793.0409778237,419.284360230763,-12349.67050967897,808494.678363658
-396534.8287149126,-370.7178520142279,-12539.93395756377,809799.7222465463
-397316.3068344172,-1238.079898900918,-12771.35438812468,811104.892815405
-398128.23098853,-2186.401101410119,-13045.79371049322,812410.1675877697
-398960.971405993,-3218.399762223101,-13364.64826015347,813715.5006299727
-399804.6314335461,-4335.900551968962,-13728.83803237257,815020.8491917932
-400649.1498498849,-5539.810635881441,-14138.79561048367,816326.1681058793
-401484.394761058,-6830.087107181853,-14594.45322831014,817631.3886043732
-402300.2876268839,-8205.753215574088,-15095.24806061855,818936.4409230184
-403086.9224839018,-9664.926340347258,-15640.13479188745,820241.2708671531
-403834.6525236765,-11204.80076395497,-16227.58305985396,821545.8059143508
-404534.2411190174,-12821.77607400232,-16855.63157528084,822850.038258126
-405176.8899965132,-14511.34666168491,-17521.85224297512,824153.8988983375
-405754.4073441998,-16268.32347683893,-18223.44374462366,825457.3973551509
-406259.2351275487,-18086.74261792857,-18957.20419818119,826760.5046739103
-406684.5687638257,-19960.04870267684,-19719.61319450271,828063.2423642557
-407024.4059706946,-21881.10930320553,-20506.84761851031,829365.6385664362
-407273.611191098,-23842.30553680207,-21314.82842487121,830667.7373967133
-407427.9665973497,-25835.63080623957,-22139.27149902358,831969.6091694059
-407484.2078177629,-27852.72790595068,-22975.71338761047,833271.3180208462
-407440.0589420135,-29885.03033173235,-23819.58034314274,834572.9561182321
-407294.2518498307,-31923.79364092087,-24666.21203391198,835874.6050587622
-407046.5350235414,-33960.24617593132,-25510.93481557536,837176.373482903
-406697.6749207547,-35985.63201709891,-26349.09020171697,838478.3656328218
-406249.4460569313,-37991.31441316156,-27176.0883043113,839780.6891126675
-405704.6222565447,-39968.82597826362,-27987.4391450906,841083.4287254023
-405066.9326031955,-41910.02210170399,-28778.82615846633,842386.6889542784
-404341.0478664288,-43807.08106428153,-29546.11638005779,843690.537393163
-403532.5157398341,-45652.64903676424,-30285.42954182148,844995.0462272158
-402647.7195228026,-47439.87807159842,-30993.16292992607,846300.2648793859
-401693.8192892721,-49162.49718416127,-31666.02936466497,847606.2166971504
-400678.6693899741,-50814.90315822714,-32301.10199914667,848912.9150768858
-399610.7651159298,-52392.18112864981,-32895.83097270252,850220.3299921006
-398499.1027598298,-53890.2412904598,-33448.10316021027,851528.4543463611
-397353.1577085989,-55305.76205408099,-33956.22758071698,852837.2169817099
-396182.7406731531,-56636.29859991899,-34418.98208205239,854146.5384927113
-394997.880653014,-57880.32193073964,-34835.63101276907,855456.344288704
-393808.7369017588,-59037.21369654398,-35205.92586271972,856766.5429348592
-392625.4919255445,-60107.27561899305,-35530.10996651583,858077.0242794533
-391458.2591082879,-61091.71650403953,-35808.9147710199,859387.6389069948
-390316.8941161174,-61992.70755963157,-36043.57233794789,860698.2852379326
-389724.0077996106,-62438.68979745446,-36150.9040987742,861394.9541422888
-389452.8859074991,-62637.92191779328,-36196.68384288377,861717.9710154422
-389325.8681247788,-62730.27625332527,-36217.41809498889,861870.3579378314
-389206.5012637016,-62816.50573790441,-36236.48834667319,862014.2127540777
-388871.1996376834,-63055.87278486486,-36287.90153083424,862421.8536131317
-387994.2110443735,-63663.07008721055,-36407.244341655,863516.3579605054
-387014.0323255776,-64312.55785336044,-36514.22964910089,864800.1517574885
-386077.4154339055,-64909.27251005582,-36589.35287482527,866106.7455103272
-385934.7894911136,-64998.48033344559,-36598.36653077408,866314.272061782
-385831.0685211795,-65063.12565549387,-36604.50595697993,866466.8194955215
-385729.9138483941,-65125.99893133822,-36610.15285486495,866616.972005053
-385421.8246936332,-65316.57078276921,-36625.24399127058,867083.2576714922
-384692.3046361668,-65764.33544248292,-36647.759798225,868250.3379041911
-383958.2811872729,-66216.23205229122,-36649.99604640717,869541.7603640934
-383299.0726343812,-66633.96998100269,-36631.98762409871,870847.4453088711
-382726.8354387771,-67020.76290137962,-36597.8970937113,872154.2041470646
-382245.3625996499,-67384.64639026686,-36552.27955907861,873460.5684682494
-381856.6782219702,-67734.34780756969,-36499.80451786246,874766.4108921192
-381561.7057221516,-68078.77285591306,-36445.20370516974,876071.7470131
-381360.3198113071,-68426.87585013527,-36393.22155164245,877376.6301712138
-381251.3604012707,-68787.56654963501,-36348.56494609772,878681.1562885414
-381232.6579649024,-69169.59914152439,-36315.85700450151,879985.3943913127
-381301.050954294,-69581.49345511646,-36299.58736370764,881289.4308993593
-381452.4229335597,-70031.44354780328,-36304.06651079569,882593.3550780639
-381681.7425688523,-70527.2254810756,-36333.38096817847,883897.2374510835
-381983.1169871177,-71076.12320611622,-36391.35052663551,885201.150582335
-382349.8550039205,-71684.85459397209,-36481.48931840558,886505.1693362533
-382774.5267289271,-72359.48612912763,-36606.96683957469,887809.3379312544
-383249.0477552462,-73105.38273647934,-36770.57603614346,889113.7020423193
-383764.7493093694,-73927.12915415615,-36974.69876769677,890418.271225132
-384312.4749638964,-74828.48984875524,-37221.28082773548,891723.0426812894
-384882.6912589906,-75812.39243083469,-37511.81791971985,893028.0339392368
-385465.5484336274,-76880.82714037034,-37847.31910508657,894333.1916617812
-386051.0258422743,-78034.89164957617,-38228.31410092155,895638.4879808757
-386629.0145465935,-79274.73291879393,-38654.83303930569,896943.8643164467
-387189.4516581486,-80599.59767968129,-39126.42337946712,898249.2907667882
-387722.3912523126,-82007.75393768123,-39642.12416123782,899554.6800778597
-388218.1490182398,-83496.58917981434,-40200.50382045576,900859.971988597
-388667.3944747815,-85062.6115265351,-40799.66637430354,902165.1053823531
-389061.2524815491,-86701.48644921997,-41437.27141863661,903470.018880337
-389391.4003354046,-88408.08301463815,-42110.5591176435,904774.6516428189
-389650.1625914687,-90176.55613527438,-42816.39076961201,906078.9637704729
-389830.5913717254,-92000.436049025,-43551.29389734477,907382.9524262343
-389926.5281367487,-93872.60802452904,-44311.46371370911,908686.585830641
-389932.6791252181,-95785.4792601121,-45092.84042573621,909989.8686117609
-389844.6627990127,-97731.04487272481,-45891.14699979116,911292.8282001056
-389659.0512302393,-99700.96305779104,-46701.93077617591,912595.5066713621
-389373.4042019818,-101686.6333994546,-47520.60656547676,913897.9533831007
-388986.2906146333,-103679.3010858011,-48342.51061819843,915200.2332169097
-388497.2986964584,-105670.1488049581,-49162.94961762748,916502.4257419864
-387907.0396575607,-107650.3753689998,-49977.24413718645,917804.6157242032
-387217.1240573036,-109611.3283324694,-50780.79409754444,919106.9199015736
-386430.1695028947,-111544.5069469768,-51569.09070094887,920409.429353429
-385549.7576186286,-113441.7035550717,-52337.78501692563,921712.2441191459
-384580.4103338919,-115295.0559084438,-53082.71968516877,923015.4503843863
-383527.5235913314,-117097.1680734205,-53799.98785377392,924319.1474916763
-382397.340489956,-118841.1334294027,-54485.95210782094,925623.4093804029
-381196.8775535326,-120520.6313646135,-55137.2925004256,926928.3004402416
-379933.8743431353,-122129.9683597655,-55751.03190554012,928233.8538399548
-378616.678394184,-123664.1893136814,-56324.58744749366,929540.1104702381
-377254.205290639,-125119.0746240256,-56855.77708795492,930847.0718586934
-375855.8316687214,-126491.2127261318,-57342.85429516643,932154.7178881243
-374431.2751201284,-127778.0611262465,-57784.53594413831,933463.0278456956
-372990.5432038496,-128977.930149935,-58180.00170758647,934771.93349601
-371543.7935874719,-130090.0409955144,-58528.91825399509,936081.3513251371
-370101.16727689,-131114.5766281084,-58831.45588660666,937391.2351705832
-368672.8231274422,-132052.5772091111,-59088.25634393196,938701.4460259234
-367268.6917134649,-132906.0339313668,-59300.4591717404,940011.8754471419
-365898.4019789665,-133677.8391728321,-59469.68026478537,941322.4148258334
-365744.4216105899,-133760.9795345607,-59486.36626240498,941472.1433818457
-365615.3276802818,-133830.1397955994,-59499.99237401255,941598.1058586971
-365485.8074584665,-133899.0344173938,-59513.3304343054,941724.8936026474
-365082.9580603249,-134110.1927094328,-59552.68039419055,942121.9954692526
-363909.7343221573,-134699.0366123027,-59648.75374988088,943305.3779162583
-362677.9909276054,-135277.7480889121,-59719.45883063505,944600.6899110507
-361496.9090303822,-135797.93243142,-59757.29312356831,945908.9677217184
-361362.7744119666,-135855.0321887825,-59759.67587629226,946062.5097641372
-361243.0530892341,-135905.6755085578,-59761.46563516539,946200.5091265775
-361116.1729077068,-135959.0228520488,-59763.01326820067,946347.7757654968
-360726.8624096115,-136120.6971369976,-59765.49374337943,946806.5184197039
-359809.8380241595,-136490.6029038203,-59757.42012076732,947933.6419810541
-358835.1524685005,-136870.395980423,-59726.21965580132,949220.571001363
-357929.6333394588,-137216.6815737351,-59674.52710577547,950526.2835441856
-357111.096607157,-137532.1237468636,-59606.90123087205,951833.573573234
-356383.8744897305,-137824.7220507992,-59527.9618752736,953140.4750734102
-355749.9527892378,-138103.208620992,-59442.39366247242,954446.7782986932
-355210.1412709099,-138376.4939390713,-59354.93148534655,955752.483909158
-354764.1964101164,-138653.5215451462,-59270.31788974522,957057.6113855001
-354410.8201312294,-138943.1808730096,-59193.24992034096,958362.2384465067
-354147.7017375096,-139254.2037174521,-59128.33379344966,959666.4478388499
-353971.5467506142,-139595.0639111656,-59080.03825675759,960970.2906727558
-353878.0973188154,-139973.9136578789,-59052.64408265569,962273.8827536465
-353862.1950530575,-140398.4749142197,-59050.20431124483,963577.3046886083
-353917.8289966674,-140875.9774763488,-59076.50101874075,964880.6629958097
-354038.2001957917,-141413.071417876,-59135.00704992111,966184.0455400175
-354215.7851485602,-142015.74607773,-59228.84679943629,967487.5021408545
-354442.4240198792,-142689.3057233884,-59360.76892980014,968791.1302260007
-354709.3953657391,-143438.2774868802,-59533.11310193276,970094.9881498469
-355007.4986125385,-144266.3486341267,-59747.77892474731,971399.085199961
-355327.1715618251,-145176.3876997522,-60006.22046172359,972703.4819844179
-355658.5577913765,-146170.3212336221,-60309.40566267693,974008.1499430351
-355991.6410198647,-147249.1988776163,-60657.8289672568,975313.1024869625
-356316.3284025646,-148413.11272915,-61051.4849133663,976618.3035471942
-356622.5657929847,-149661.2095538921,-61489.87033559331,977923.6963799223
-356900.4551621619,-150991.734327075,-61972.00150280673,979229.2423525359
-357140.3528238046,-152402.0189841878,-62496.41433901004,980534.8888055189
-357332.9741943828,-153888.5029942735,-63061.17646653771,981840.5663326266
-357469.4963015435,-155446.7520319532,-63663.89970785384,983146.1774301133
-357541.6635914667,-157071.6072041276,-64301.80502095909,984451.6830721521
-357541.8659564785,-158757.1193275721,-64971.70580569248,985757.0001166547
-357463.2270819697,-160496.7153584533,-65670.08229293009,987062.0854148408
-357299.6763254771,-162283.2050098582,-66393.09435823528,988366.8844228378
-357046.0121481856,-164108.9028924816,-67136.64092286202,989671.3650305173
-356697.9547104206,-165965.7033248888,-67896.40124359549,990975.5102780415
-356252.1836555176,-167845.1864460802,-68667.88934135811,992279.3307693559
-355706.3772984304,-169738.6710750175,-69446.48687564106,993582.837955188
-355059.2252843564,-171637.3440814577,-70227.50754471378,994886.0694409464
-354310.4338503124,-173532.3545997183,-71006.24713055456,996189.0889449161
-353460.7552266218,-175414.8335018078,-71778.00274106966,997491.9350893353
-352511.9277496978,-177276.1047688182,-72538.17070851587,998794.7028533206
-351466.712453394,-179107.6463984404,-73282.24147605064,1000097.453071573
-350328.779146165,-180901.3302902127,-74005.90795321863,1001400.319589989
-349102.7729204586,-182649.3184940454,-74705.03366566061,1002703.375005804
-347794.1923588318,-184344.27097244,-75375.74692418035,1004006.720705889
-346409.376219867,-185979.3552384852,-76014.45423484902,1005310.437284131
-344955.3931996946,-187548.372536465,-76617.89926718466,1006614.627528645
-343440.0387978554,-189045.7429211373,-77183.16586465988,1007919.351391518
-341871.7129145159,-190466.6174357593,-77707.72984474896,1009224.666915648
-340259.3279399482,-191806.9307864917,-78189.48587620311,1010530.633015546
-338612.2991947987,-193063.3805258203,-78626.74740488193,1011837.243486824
-336940.3404929813,-194233.5563444903,-79018.29920981283,1013144.514598127
-335253.4109651881,-195315.9245884042,-79363.39549536404,1014452.445328538
-333561.6568344206,-196309.822914548,-79661.76246538163,1015760.982426989
-331875.2418751752,-197215.514936384,-79913.61804205991,1017070.069140557
-330204.2732562286,-198034.1707380128,-80119.66549773386,1018379.618313583
-328558.6672242988,-198767.8727752155,-80281.09242464746,1019689.531951665
-326947.998216668,-199419.6118490535,-80399.56168909147,1020999.736942083
-326723.7799479367,-199505.2976663905,-80412.95279349653,1021184.87250593
-326547.1016821024,-199571.9635493749,-80422.96944523667,1021331.28642115
-326374.101234814,-199636.5174157009,-80432.31994388507,1021475.122189522
-325879.3767615491,-199817.194889434,-80456.55511057899,1021889.138607436
-324549.8116828814,-200274.4507774751,-80503.17931143225,1023023.990518099
-323091.720513772,-200729.8834097041,-80522.81963661779,1024313.330499607
-321676.866483227,-201127.7370414398,-80509.49518566659,1025621.151060064
-321492.6244375414,-201176.4675345441,-80505.35031962188,1025796.337828925
-321345.4282964053,-201214.9026007671,-80501.63267064474,1025937.193865923
-321181.6552534542,-201257.1513322016,-80497.06994967282,1026094.874699134
-320703.7757151223,-201377.3727299878,-80481.16494127359,1026561.055701587
-319523.1544064436,-201655.5646688299,-80424.92789844619,1027756.375000777
-318319.6832723354,-201913.6307599243,-80341.69407168141,1029052.255423134
-317190.7473172911,-202135.6669375347,-80238.31673941898,1030359.501075663
-316150.4194873777,-202327.5788805321,-80119.76044587864,1031667.503407539
-315202.4797655062,-202497.7483902086,-79990.69973810653,1032975.015970145
-314348.6663843891,-202654.9718107573,-79855.83599539439,1034281.88839528
-313589.5696984121,-202808.1702787984,-79719.90891121626,1035588.09385593
-312924.7113928581,-202966.2770737136,-79587.65231762797,1036893.637197046
-312352.554534467,-203138.1431291045,-79463.74232743907,1038198.566401668
-311870.5418807804,-203332.441319132,-79352.75100372852,1039502.947101987
-311475.1328820068,-203557.5730344981,-79259.10038402997,1040806.842143415
-311161.8362881731,-203821.5822025217,-79187.01493174562,1042110.325083125
-310925.2570682048,-204132.0776577007,-79140.47734437072,1043413.501095877
-310759.1644468276,-204496.1511366779,-79123.19044446346,1044716.476614343
-310656.5576958379,-204920.2982520807,-79138.5388655017,1046019.339740602
-310609.7341449059,-205410.3679071972,-79189.55464412193,1047322.210453008
-310610.374246749,-205971.4821496708,-79278.88567200972,1048625.175954995
-310649.6227289718,-206607.9833561209,-79408.76596115675,1049928.304780566
-310718.1809438862,-207323.4050949208,-79580.9954067848,1051231.680742884
-310806.4010295991,-208120.4075261061,-79796.91481801016,1052535.348733014
-310904.3878687625,-209000.7759976681,-80057.39768104318,1053839.366100461
-311002.0977254908,-209965.3622473241,-80362.82920261225,1055143.742542982
-311089.4453919898,-211014.0844380475,-80713.10276255969,1056448.466975719
-311156.4134305015,-212145.9544864728,-81107.62958479332,1057753.542712564
-311193.1551968094,-213359.0415293157,-81545.32876200537,1059058.932483802
-311190.1030931889,-214650.5210258629,-82024.64774738881,1060364.598123275
-311138.0723226123,-216016.6705448378,-82543.56585354295,1061670.468612586
-311028.3626710065,-217452.9353629138,-83099.6248030787,1062976.47129352
-310852.8506331473,-218953.9956320823,-83689.96244074759,1064282.54808326
-310604.0817656984,-220513.7802973555,-84311.3266598878,1065588.61772219
-310275.3568255287,-222125.5351625785,-84960.11094649682,1066894.582839834
-309860.7881018214,-223781.9779006648,-85632.42654997362,1068200.396721123
-309355.3759711463,-225475.2968168853,-86324.11274194253,1069505.996765185
-308755.0590863497,-227197.2618388454,-87030.79245606704,1070811.327209522
-308056.7533148711,-228939.324874647,-87747.92444399995,1072116.347667295
-307258.3669473841,-230692.7431775493,-88470.86530765347,1073421.055760037
-306358.8449754491,-232448.6107170573,-89194.89371849778,1074725.440026331
-305358.1693820611,-234197.9810852084,-89915.27236814094,1076029.500638426
-304257.3253438175,-235932.0105912573,-90627.3181520176,1077333.284986869
-303058.3173015808,-237641.9909127872,-91326.42654011905,1078636.842526041
-301764.1455489659,-239319.4444807228,-92008.12158737484,1079940.227247868
-300378.7525573166,-240956.2378413118,-92668.11274543904,1081243.516769924
-298906.9933838472,-242544.6435296982,-93302.33007651787,1082546.795183863
-297354.571681273,-244077.4304342377,-93906.97036599154,1083850.161909533
-295728.0110042853,-245547.9049931021,-94478.52301986741,1085153.703489667
-294034.5555850019,-246950.0110223927,-95013.81838891568,1086457.519288477
-292282.1434110723,-248278.3509007991,-95510.04459678246,1087761.682931974
-290479.2613571962,-249528.2926817767,-95964.79612553304,1089066.289925133
-288634.9291735151,-250695.9640114214,-96376.07856774305,1090371.403576364
-286758.5481323195,-251778.3351377483,-96742.34516253289,1091677.097582712
-284859.9059655126,-252773.1935300094,-97062.49397333959,1092983.384595299
-282948.9598041908,-253679.2390571423,-97335.90470873869,1094290.297229995
-281035.8304519926,-254496.0487603087,-97562.43008594983,1095597.819896461
-279130.6091815653,-255224.1268663146,-97742.41208631906,1096905.948587414
-277243.3626187238,-255864.8585656582,-97876.66878177007,1098214.613919239
-275383.8797345166,-256420.5541824237,-97966.50113276398,1099523.781627766
-273561.6975901921,-256894.3816533956,-98013.67068120668,1100833.361716813
-273296.9205218821,-256957.5097789634,-98017.14282244956,1101026.349515654
-273034.948572882,-257018.5534911038,-98019.72928077226,1101218.047266046
-272207.0542841507,-257202.2566272292,-98022.33042912674,1101829.12355857
-270612.6580972613,-257516.989049246,-98003.25321551954,1103031.555858243
-268949.5502705488,-257791.2350364096,-97948.90830094329,1104329.170541209
-267958.7950298096,-257928.7347236741,-97899.38211097248,1105127.701811423
-267533.9038213225,-257981.844958468,-97874.12968726107,1105476.869078027
-267372.4697690891,-258001.1075306279,-97863.89551365376,1105610.668918071
-267224.1217044508,-258018.3651425461,-97854.17833652104,1105734.194108052
-267067.6315830064,-258036.1104572685,-97843.60197735364,1105865.105324343
-266588.91675597,-258087.4761651406,-97809.15577837316,1106269.586728094
-265233.2385894571,-258209.3181651852,-97694.1511292353,1107451.300592883
-263825.0500003767,-258299.7321920126,-97546.37009525673,1108745.908986207
-262488.8187599677,-258352.9432493928,-97378.04024381914,1110053.49365382
-261241.7451450563,-258376.1254070361,-97194.80218022146,1111362.107798725
-260087.885490451,-258377.8308147239,-97001.41802433779,1112670.337631693
-259028.9694169609,-258366.8863216886,-96802.6092604802,1113977.94938595
-258065.5031121286,-258352.220170967,-96603.11741357397,1115284.881647187
-257196.8934481503,-258342.7588603694,-96407.6662033614,1116591.134724696
-256421.5194122245,-258347.3313985908,-96220.92279392826,1117896.689868579
-255736.7053966629,-258374.574589229,-96047.43720408024,1119201.581980451
-255138.7856970902,-258432.8424297774,-95891.60126476517,1120505.853908602
-254623.1399364707,-258530.1191004978,-95757.60108756273,1121809.568773163
-254184.2451646063,-258673.9380460723,-95649.37384120781,1123112.815620436
-253815.7437477204,-258871.3052925275,-95570.56964930326,1124415.695259883
-253510.5161880229,-259128.6246762793,-95524.51539949,1125718.299659737
-253260.7464602275,-259451.6398292379,-95514.17927115399,1127020.749877102
-253058.014999165,-259845.3678282851,-95542.1427111032,1128323.149739869
-252893.3821609204,-260314.0457386641,-95610.57207549791,1129625.590597687
-252757.4756436939,-260861.1034491414,-95721.19915097316,1130928.193350811
-252640.5945512454,-261489.1094510212,-95875.30123327312,1132231.050129351
-252532.8078439849,-262199.73113858,-96073.68235261607,1133534.212912316
-252424.0503682148,-262993.7552612185,-96316.67455842576,1134837.768988952
-252304.2347416003,-263871.028902593,-96604.11995524139,1136141.749400692
-252163.3528030698,-264830.4816896608,-96935.3767631645,1137446.176374145
-251991.5862080903,-265870.1047883956,-97309.31412369743,1138751.025420218
-251779.3999791358,-266987.0384600847,-97724.34716960543,1140056.314586615
-251517.6585270062,-268177.5149564403,-98178.42208616812,1141361.997129349
-251197.7200794636,-269436.9341495636,-98669.0496398379,1142668.015160167
-250811.5287326117,-270759.919960046,-99193.33450531843,1143974.309101969
-250351.7061777245,-272140.3636216662,-99748.0005755852,1145280.804923584
-249811.635122256,-273571.486983515,-100329.4249471354,1146587.415331998
-249185.5210604412,-275045.9458395973,-100933.6892617612,1147894.068958028
-248468.4744924841,-276555.8635455765,-101556.6034634704,1149200.669934601
-247656.5571539075,-278092.9436140741,-102193.7622751319,1150507.124357577
-246746.7940951695,-279648.6128150097,-102840.615294378,1151813.384736772
-245737.2456044369,-281214.0348112931,-103492.483620345,1153119.382314384
-244627.0064960381,-282780.248230971,-104144.6281844457,1154425.063635979
-243416.1849847902,-284338.2979167029,-104792.3154118222,1155730.419289519
-242105.9519900364,-285879.2563463562,-105430.8370150248,1157035.421480192
-240698.4573611989,-287394.4042029048,-106055.5956923316,1158340.096195461
-239196.8703437328,-288875.2415151169,-106662.1201716879,1159644.454461406
-237605.2620938116,-290313.6593908984,-107246.146030645,1160948.564585403
-235928.6689198506,-291701.9179708577,-107803.6165689112,1162252.457345172
-234172.923702918,-293032.8292927421,-108330.7665331308,1163556.218986411
-232344.6673231689,-294299.7621597712,-108824.1327160366,1164859.928602749
-230451.2492031145,-295496.7328136296,-109280.5984746928,1166163.679598866
-228500.6749042238,-296618.4481831567,-109697.4185546423,1167467.560924566
-226501.4888458344,-297660.379061095,-110072.2541780935,1168771.678988007
-224462.7761926989,-298618.759192238,-110403.1799622998,1170076.097687578
-222393.95168306,-299490.6857235869,-110688.7260006997,1171380.91459492
-220304.7592843844,-300274.1011985876,-110927.876121161,1172686.197475204
-218205.1196755681,-300967.8399093055,-111120.0871403236,1173992.017220159
-216105.092388996,-301571.6199264457,-111265.2892519533,1175298.407095985
-214014.7685608679,-302086.0576124832,-111363.8925888176,1176605.364073568
-211944.0830058109,-302512.686254965,-111416.7894157612,1177912.899657071
-209902.8076506803,-302853.9189536552,-111425.341847489,1179220.977718709
-207900.3592115719,-303113.0457554954,-111391.3720756761,1180529.570154066
-207667.2985152317,-303138.3647410422,-111384.6670644331,1180683.854930021
-207478.8143477787,-303158.1041572835,-111378.8219138756,1180808.964857622
-207308.7709771868,-303175.3470188776,-111373.2237467063,1180922.097470763
-206754.5120947296,-303227.8288094639,-111352.8300769295,1181292.654322553
-205260.8536368056,-303340.9039883711,-111281.3719337666,1182306.27774453
-203436.922941269,-303422.7968619537,-111160.8731352487,1183578.735320375
-201631.4555030676,-303442.7218275255,-111004.5224475229,1184884.251742694
-201161.3334394356,-303437.8716494804,-110957.5873944605,1185232.979114656
-200916.9338982845,-303433.7048112691,-110932.1519665341,1185415.852224408
-200695.2028322534,-303428.9490122678,-110908.4580691912,1185582.735737285
-200024.4776649901,-303408.902201053,-110833.1731164617,1186093.446385616
-198495.9416846179,-303331.2917795307,-110640.8650662507,1187293.956218159
-196924.0805868597,-303204.9361816284,-110411.888638781,1188590.961523459
-195426.5724519429,-303040.5229227222,-110162.7655004194,1189899.091434921
-194019.6526472315,-302847.1723271245,-109899.6281334134,1191208.177746471
-192707.1435103726,-302633.7015185641,-109627.3164981944,1192516.964037332
-191490.5640030788,-302408.9980401163,-109350.5691395678,1193825.232055946
-190370.2195045604,-302182.0068358752,-109074.1284967141,1195132.905218541
-189345.3620693699,-301961.6537146472,-108802.7190638961,1196439.896483556
-188414.1337696377,-301756.7328500582,-108540.9775544469,1197746.196473844
-187573.6594053566,-301575.8259740712,-108293.4196953079,1199051.795795595
-186820.0720024412,-301427.2090273459,-108064.3903701482,1200356.691107887
-186148.5334753855,-301318.7598374282,-107858.0101397092,1201660.929013265
-185553.3207975968,-301257.8826229756,-107678.1415198235,1202964.556792891
-185027.8758677186,-301251.429283495,-107528.345002198,1204267.647773854
-184564.8798734793,-301305.6321053081,-107411.8439894119,1205570.302778191
-184156.3433637731,-301426.041613047,-107331.4958066427,1206872.621755383
-183793.6807928951,-301617.4738354135,-107289.7612787332,1208174.73330436
-183467.8190931422,-301883.9534201603,-107288.6827580303,1209476.728012541
-183169.2686492335,-302228.6859490627,-107329.8612565086,1210778.740843234
-182888.2398124299,-302654.0143955634,-107414.442004098,1212080.880511086
-182614.7329486057,-303161.4058771423,-107543.1038733143,1213383.270328143
-182338.6513336498,-303751.4185830451,-107716.0482528469,1214685.997265554
-182049.9024741009,-304423.6927994649,-107932.9939552111,1215989.123057923
-181738.4969016398,-305176.9661371665,-108193.1831675868,1217292.712401703
-181394.6568532327,-306009.0748777788,-108495.3854530242,1218596.810591861
-181008.9179897626,-306916.9752473496,-108837.9095109515,1219901.447024674
-180572.2411197915,-307896.7464490497,-109218.6091487649,1221206.601914554
-180076.0966964501,-308943.6608059324,-109634.9160232463,1222512.255501375
-179512.5540954968,-310052.2353817167,-110083.8676994006,1223818.388604303
-178874.4051098593,-311216.2185148644,-110562.1095891783,1225124.903640384
-178155.182941703,-312428.7732988973,-111065.9779835512,1226431.764504465
-177349.2926683043,-313682.4409103713,-111591.4943244469,1227738.872649253
-176452.0486330245,-314969.2720453306,-112134.4288101668,1229046.128638554
-175459.7057777946,-316280.9398477337,-112690.3577610191,1230353.459055698
-174369.5664176271,-317608.7444967121,-113254.6753986221,1231660.731394112
-173179.9102368334,-318943.8385230638,-113822.6994766193,1232967.885151331
-171890.0762771426,-320277.2363650122,-114389.6855895182,1234274.845691433
-170500.47072899,-321599.917951158,-114950.8813183002,1235581.531094096
-169012.5123919747,-322902.9742838572,-115501.5981587541,1236887.899730599
-167428.6777418864,-324177.6448646368,-116037.2373426996,1238193.892013468
-165752.368140516,-325415.4968959269,-116553.3751031401,1239499.517805793
-163987.9725828424,-326608.4279011827,-117045.7730248136,1240804.768629698
-162140.7524549297,-327748.8015301412,-117510.443829921,1242109.670495277
-160216.824646992,-328829.4970505881,-117943.6804721234,1243414.251441567
-158223.0238846617,-329844.0209708667,-118342.1095969018,1244718.588417268
-156166.9259472935,-330786.5170608888,-118702.7033116867,1246022.739877668
-154056.6888556114,-331651.8660737337,-119022.8257830177,1247326.796771027
-151901.0243658229,-332435.7084049986,-119300.248477553,1248630.844183825
-149709.0997729172,-333134.4938266852,-119533.1751248041,1249934.965819214
-147490.414433321,-333745.525672679,-119720.2625344875,1251239.259756147
-145254.7222137868,-334266.978443643,-119860.6304244272,1252543.824748113
-143011.9594060037,-334697.9104211215,-119953.8689150582,1253848.742997693
-140772.1458989641,-335038.2772938419,-120000.0449799591,1255154.077597673
-138545.2401383933,-335288.9413472659,-119999.7038757862,1256459.896082513
-136341.0708381598,-335451.6573971031,-119953.8628478726,1257766.249607701
-134169.2912536639,-335529.0573583229,-119864.005423658,1259073.138127662
-132540.7404720852,-335532.8766385523,-119767.0873933279,1260070.05954904
-132100.6143889484,-335525.8839574199,-119736.4881774555,1260342.43913776
-131822.8332405605,-335519.7048152771,-119716.2017338471,1260515.056877607
-131568.7511695909,-335512.853631111,-119696.983226297,1260673.445362947
-130812.5925768388,-335485.6635982325,-119636.0195135346,1261147.768196301
-128972.5231122023,-335376.6210120286,-119463.7627260759,1262322.516012448
-127006.6619341601,-335191.9090169756,-119241.305922591,1263615.414374939
-125089.0436306637,-334942.1727956529,-118984.5724056511,1264922.632762289
-124793.2566662648,-334897.4094243718,-118941.3656756362,1265128.946562891
-124528.0359772008,-334855.8339074157,-118901.7871372859,1265315.100049891
-123735.5314705283,-334723.4371881844,-118778.7512920138,1265878.206910891
-122112.1882605156,-334413.4044046871,-118503.8298372159,1267067.121023918
-120424.1280072861,-334034.1512100847,-118183.9058773553,1268362.525147246
-118809.0793638934,-333615.1579674604,-117843.4783934056,1269670.458513871
-117285.5336813,-333167.8607725108,-117489.669971508,1270979.679708579
-115857.4106426597,-332701.3740716439,-117127.4414303215,1272288.836576475
-114526.1775569338,-332224.6631486093,-116761.5657947009,1273597.642232047
-113292.0146955101,-331746.6939419266,-116396.7888412247,1274905.998381972
-112154.0410869126,-331276.3987031358,-116037.8281544519,1276213.804043911
-111110.3078664721,-330822.5710015131,-115689.3161202824,1277520.974407985
-110157.8069230369,-330393.7615617473,-115355.7431310167,1278827.465699916
-109292.5267735225,-329998.1934883963,-115041.4146909816,1280133.258034789
-108509.5120263975,-329643.6804538284,-114750.4101406694,1281438.337253057
-107802.9053099194,-329337.5373343729,-114486.5342064063,1282742.717391998
-107166.0159742718,-329086.505424534,-114253.2781238808,1284046.442031953
-106591.4069254559,-328896.6885582799,-114053.78843568,1285349.561569642
-106070.9582591637,-328773.4860131539,-113890.8292418757,1286652.174610819
-105595.9822149816,-328721.5483198083,-113766.7644580724,1287954.366312374
-105157.2984452208,-328744.7262805516,-113683.5288755485,1289256.247262622
-104745.3321238135,-328846.0382385817,-113642.6118580122,1290557.954422385
-104350.2207603811,-329027.6435848281,-113645.0460389564,1291859.628618008
-103961.9251768624,-329290.8141381977,-113691.3958490709,1293161.377575598
-103570.3174940239,-329635.925926127,-113781.7508013876,1294463.323134917
-103165.2922351859,-330062.4525182209,-113915.7248014269,1295765.576565731
-102736.8713714481,-330568.966954036,-114092.4585618477,1297068.233474228
-102275.3026822696,-331153.1597868907,-114310.6292943493,1298371.386382473
-101771.1698621326,-331811.8494891926,-114568.459126646,1299675.097421114
-101215.498230332,-332541.0023048955,-114863.7273311211,1300979.387232894
-100599.8280559462,-333335.8007013358,-115193.8036032585,1302284.290726657
-99916.32304180389,-334190.6676821376,-115555.665001387,1303589.811152488
-99157.85839318014,-335099.3197314764,-115945.9247173684,1304895.920950687
-98318.10948818794,-336054.8215595501,-116360.8623797713,1306202.553370711
-97391.57549828455,-337049.7123250549,-116796.4863002005,1307509.67766156
-96373.73125768625,-338075.9864086581,-117248.532930242,1308817.168776446
-95260.97552101902,-339125.2919269217,-117712.561861245,1310124.958904309
-94050.7412754043,-340188.9477353587,-118183.9717925612,1311432.942518662
-92741.50482761036,-341258.0617734403,-118658.0611235335,1312741.009331367
-91332.77404868769,-342323.6510471115,-119130.089541476,1314049.073306064
-89825.15440511513,-343376.6929277014,-119595.3091519639,1315357.015986973
-88220.28641279296,-344408.2693101114,-120049.0366940463,1316664.742874319
-86520.83349968634,-345409.6559921202,-120486.7011950022,1317972.174772632
-84730.4386024476,-346372.42258722,-120903.8958719197,1319279.256328975
-82853.70104499631,-347288.5110137062,-121296.4202276134,1320585.941267072
-80896.11522366758,-348150.3268038189,-121660.3272584016,1321892.199783598
-78863.99665199025,-348950.8234185348,-121991.9668534524,1323198.026024317
-76764.40399422841,-349683.5754195211,-122288.0235202537,1324503.441190836
-74605.08571073857,-350342.8335159876,-122545.5458177482,1325808.477040613
-72394.37208413349,-350923.5898186336,-122761.9789777629,1327113.189867663
-70141.0839336816,-351421.6242586435,-122935.1885510134,1328417.659719579
-67854.51372668402,-351833.5297224757,-123063.4757119046,1329721.946414234
-65544.20879149358,-352156.7696230398,-123145.6019442155,1331026.157544146
-63220.01597243278,-352389.6762635359,-123180.7928016268,1332330.364909745
-60891.84193849526,-352531.485957915,-123168.7500950353,1333634.681695956
-58569.63667028357,-352582.3316628566,-123109.6502360735,1334939.213136316
-56263.34380714654,-352543.2452878339,-123004.1462626786,1336244.026024116
-53982.6935890473,-352416.1510979685,-122853.3593570839,1337549.206696206
-51737.18101080161,-352203.8464322762,-122658.8704734576,1338854.815712885
-50283.39987796379,-352019.4198094213,-122508.0374335274,1339714.064972824
-49703.58569951632,-351935.3940634649,-122442.3081594824,1340060.361194098
-49297.19826514822,-351872.9034502248,-122394.3207419227,1340304.413405852
-48931.3473331345,-351814.0936368784,-122349.7574979295,1340525.109412253
-47839.00059863932,-351623.9721817893,-122208.935002726,1341189.999454329
-45888.67229511966,-351229.3441087912,-121927.9244862645,1342402.020021435
-43866.772614197,-350743.1057206047,-121595.0751917476,1343698.455018585
-42408.43588423709,-350341.6820098547,-121327.5636675506,1344663.717879786
-42210.43758695188,-350283.8042089566,-121289.4106427515,1344796.971588337
-42012.89509644354,-350225.2420181142,-121250.9007892198,1344930.476014386
-41825.86516380267,-350169.0396609592,-121214.0285655466,1345057.399165153
-41301.0484657725,-350007.3692067449,-121108.404289454,1345416.356891126
-39817.2072479801,-349517.9677830428,-120792.1331429087,1346455.404048355
-38070.46617910144,-348878.26594113,-120384.9664354687,1347730.808477243
-36371.95864547988,-348186.5050069234,-119950.5915925551,1349035.971079627
-34762.53926378484,-347463.4870125532,-119501.4914426738,1350344.649415556
-33248.77487027599,-346719.4516191356,-119043.2665757279,1351653.746640973
-31832.57474103701,-345963.4969275253,-118580.7594618821,1352962.792544311
-30514.36825620452,-345204.6293290974,-118118.73471151,1354271.639115096
-29293.4959020443,-344451.8296916634,-117661.9301085348,1355580.152817036
-28168.19983218815,-343713.9388119864,-117214.9951064783,1356888.241778396
-27135.67876576517,-342999.5780183356,-116782.4505520881,1358195.827704866
-26192.15410628647,-342317.0800712712,-116368.6544558868,1359502.79937163
-25332.83678952473,-341674.3445344585,-115977.7219096862,1360809.113259322
-24552.03653102812,-341078.7894401771,-115613.503021389,1362114.728309715
-23843.21116974406,-340537.2612785165,-115279.5352478987,1363419.628332427
-23199.03673528063,-340055.9602552087,-114979.0044140599,1364723.834634363
-22611.50444371717,-339640.3886455843,-114714.7194077103,1366027.380119625
-22072.00446025739,-339295.2919202765,-114489.0818863333,1367330.316141411
-21571.41809306791,-339024.6110939888,-114304.0621138245,1368632.716799411
-21100.20582392595,-338831.442863968,-114161.1781891127,1369934.709259879
-20648.53767055251,-338718.0269819309,-114061.4931555459,1371236.394200264
-20206.37206318911,-338685.71492541,-114005.597738397,1372537.90695949
-19763.57243040768,-338734.9641623379,-113993.6097351173,1373839.380303759
-19310.01444045698,-338865.3316500695,-114025.1721337741,1375140.932879958
-18835.68244625265,-339075.4790309913,-114099.4564808275,1376442.690113944
-18330.76966384346,-339363.1905927341,-114215.1735356174,1377744.787133415
-17785.7922071461,-339725.3884861961,-114370.5835890665,1379047.329975001
-17191.68164077458,-340158.1633514085,-114563.5133506621,1380350.41099732
-16539.88805727142,-340656.8056661787,-114791.3740972718,1381654.091441177
-15822.44880844612,-341215.8680994197,-115051.1944974376,1382958.444505732
-15032.11294546882,-341829.1890050025,-115339.636076544,1384263.479930232
-14162.38274874857,-342489.9827839282,-115653.0399249871,1385569.215695432
-13207.62554174248,-343190.8785153267,-115987.4496805295,1386875.614714238
-12163.10082881549,-343924.0240897767,-116338.6656910906,1388182.643514255
-11025.05348461462,-344681.1410097705,-116702.2759889858,1389490.222259739
-9790.71409988352,-345453.6432586534,-117073.7180424051,1390798.281904345
-8458.380047446626,-346232.6985865813,-117448.3129979173,1392106.711817009
-7027.398787933113,-347009.3499991123,-117821.3288654644,1393415.405378037
-5498.183452190802,-347774.6088002383,-118188.0299941987,1394724.252950563
-3872.232537624959,-348519.5430851935,-118543.7242848372,1396033.125488064
-2152.066690429217,-349235.3997333837,-118883.8262692579,1397341.916549066
-341.2244881977913,-349913.6877836789,-119203.901422238,1398650.52222301
1555.769339301773,-350546.2699814834,-119499.714168225,1399958.838104911
3533.491670742078,-351125.4644883681,-119767.2802338998,1401266.786326992
5585.662136462561,-351644.1192671467,-120002.9056505199,1402574.301070045
7705.222139200074,-352095.6906966091,-120203.2272701284,1403881.334673206
9884.444905329099,-352474.3165888287,-120365.2498622341,1405187.87603213
12114.97009976208,-352774.8645272869,-120486.3715519766,1406493.918682798
14387.97769099785,-352992.9939127901,-120564.4141032384,1407799.508918461
16694.10278253736,-353125.1798722333,-120597.6373631072,1409104.640827049
19023.78637904508,-353168.7696475945,-120584.7637369559,1410409.399683948
21367.21560832205,-353121.9874243664,-120524.9821747296,1411713.867839787
23714.45219237088,-352983.9524473538,-120417.9560354528,1413018.138999736
26055.49969618184,-352754.6888419468,-120263.8274880873,1414322.297394066
28380.51799885268,-352435.111261131,-120063.2070638871,1415626.47917422
30679.69177949778,-352027.042555825,-119817.1849170777,1416930.740923702
32943.59103364265,-351533.1608545564,-119527.2979889401,1418235.204666783
35163.04256348878,-350957.0102572741,-119195.5373950265,1419539.928583719
35710.41095371076,-350800.4710405322,-119106.2485220161,1419866.445610137
35956.88245219526,-350728.0775571991,-119065.057896983,1420014.151666872
36194.19558266406,-350657.2468082777,-119024.8153029193,1420156.783034967
36891.11694020755,-350442.7853415341,-118903.3007292367,1420578.094443236
38729.24026696933,-349829.9033506821,-118558.4074189642,1421708.522364555
40757.21583720959,-349070.8856870287,-118135.1414563689,1422993.394006917
42741.97722051157,-348238.7485511907,-117674.8655483042,1424297.309028183
43101.20263161262,-348078.2220648863,-117586.452957058,1424538.96832047
43319.33654986844,-347979.2147525072,-117531.9784243821,1424686.633702449
43527.61594231163,-347883.5902794494,-117479.4041144433,1424828.295525536
44182.14679616218,-347576.0544981793,-117310.5706629146,1425277.880858537
45812.54894650349,-346761.9979581694,-116865.3499703365,1426429.486842477
47555.59514037722,-345811.2577366911,-116348.0990607932,1427718.538171984
49229.35118704376,-344813.3518094416,-115807.9229169653,1429024.361530377
50810.13791901365,-343787.1410504897,-115255.014083496,1430332.360582938
52293.60480295902,-342742.634318971,-114694.7036238685,1431640.814795787
53678.39323918676,-341688.929038925,-114131.810111815,1432949.436408968
54964.41087060435,-340635.0517222149,-113571.0986232135,1434258.096042147
56152.65312696627,-339589.9639301596,-113017.2853053729,1435566.686692159
57245.15420657024,-338562.4937438514,-112475.0014527834,1436875.087505265
58244.97076049863,-337561.2369373027,-111948.7414635565,1438183.165843191
59156.18549521878,-336594.4242022922,-111442.7932507457,1439490.827900183
59983.83259350411,-335669.855734496,-110961.2043846479,1440797.989904566
60733.82696600034,-334794.8335136027,-110507.7468999845,1442104.553194321
61412.94127401404,-333976.031864679,-110085.8503030957,1443410.479264765
62028.68556213019,-333219.4761797315,-109698.5909716524,1444715.718267986
62589.25273679705,-332530.4444757286,-109348.6417848605,1446020.266240707
63103.41314934984,-331913.4306642232,-109038.2538726198,1447324.142111675
63580.42016777843,-331372.0985221004,-108769.2337491691,1448627.393926797
64029.89274715819,-330909.2650855004,-108542.9352971207,1449930.050444906
64461.75397601028,-330526.8316096491,-108360.2264190684,1451232.241276104
64886.07554233263,-330225.8223292353,-108221.5090060726,1452534.051423264
65312.99607782063,-330006.3499479686,-108126.7030530514,1453835.586929927
65752.62564077823,-329867.6183218607,-108075.2500806266,1455137.003383285
66214.9200089885,-329807.9468070363,-108066.126310832,1456438.43499322
66709.58791311891,-329824.7823822833,-108097.8508754762,1457740.019790188
67245.9801642649,-329914.7246817928,-108168.4998768143,1459041.868964117
67833.02017090257,-330073.5642098257,-108275.7290331755,1460344.130490907
68479.07608796815,-330296.318667541,-108416.7925536779,1461646.899818955
69191.89755358719,-330577.2862495595,-108588.5734974946,1462950.276360568
69978.52055891044,-330910.098361608,-108787.6122102749,1464254.333431204
70845.19321304873,-331287.782779645,-109010.1408044667,1465559.122484957
71797.31253771062,-331702.8357379322,-109252.1223095753,1466864.680346462
72839.32662083354,-332147.2818775211,-109509.2823560321,1468170.981509169
73974.75265760087,-332612.7863562765,-109777.1707336697,1469478.031416179
75206.04110884717,-333090.702623092,-110051.1852694362,1470785.752010811
76534.60615422648,-333572.1914538186,-110326.636574067,1472094.06350007
77960.80992328287,-334048.3162747242,-110598.798669283,1473402.884093451
79483.93311112002,-334510.1319643019,-110862.9557059656,1474712.10947209
81102.17520132626,-334948.7830413567,-111114.4538513472,1476021.61410515
82812.6681251408,-335355.6030127737,-111348.753639768,1477331.253808388
84611.60944200914,-335722.2331933597,-111561.4935336553,1478640.944367566
86494.12371562592,-336040.6741799039,-111748.5146112417,1479950.527128344
88454.45456605028,-336303.4082176341,-111905.9261269262,1481259.877373348
90486.02602867696,-336503.4759252502,-112030.1450961541,1482568.898552167
92581.46331481196,-336634.5449000924,-112117.9310685392,1483877.48796721
94732.75785762901,-336690.983656124,-112166.4248367606,1485185.590018169
96931.27838210289,-336667.914031164,-112173.174209293,1486493.146955722
99167.9091717886,-336561.2641258978,-112136.1610508677,1487800.126130367
101433.1672255899,-336367.805179683,-112053.8195212531,1489106.529204547
103717.2515388611,-336085.1850026606,-111925.0518179321,1490412.360493583
106010.2504335668,-335711.9356251109,-111749.2316493663,1491717.685127689
108302.1090461867,-335247.5003476992,-111526.215771979,1493022.549454181
110582.8334100984,-334692.2216180827,-111256.3369575625,1494327.036848059
112842.5386264233,-334047.3424402561,-110940.4026852932,1495631.235092995
115071.546362106,-333314.9942292147,-110579.6871109454,1496935.232605389
117260.5408056126,-332498.1525501827,-110175.9068683631,1498239.150888054
119400.578834337,-331600.6311411621,-109731.2154773843,1499543.094051769
119609.8667889957,-331507.37086245,-109684.9677305833,1499672.445771389
119817.208882674,-331413.9877853424,-109638.6533027706,1499800.947008107
120025.9917100061,-331318.9534041258,-109591.5143712318,1499930.703275045
120671.6101980988,-331018.6378428604,-109442.5198719232,1500334.335424262
122457.1019780558,-330135.8033625368,-109004.3311755751,1501471.225185972
124410.8746570605,-329076.653844386,-108478.5048687326,1502755.731442629
126316.6804323916,-327941.916251467,-107915.31738447,1504058.267607086
126659.0741678924,-327726.697212921,-107808.5430487066,1504298.280515475
126885.445940219,-327582.4263399741,-107736.9771644256,1504458.059312124
127094.0207746716,-327448.0832996193,-107670.3434740101,1504606.070647831
127700.1380273256,-327049.8362634121,-107472.8601908584,1505040.68202388
129273.3644462572,-325959.1096304068,-106932.4016066896,1506202.892952121
130934.0767028696,-324710.9739825775,-106314.8571288971,1507491.903583927
132521.0439925714,-323414.5958328081,-105674.7064624712,1508796.391647623
134013.3630978176,-322091.0606036412,-105022.7226689735,1510103.034930595
135407.1625596663,-320750.628645064,-104364.3053333166,1511410.290297854
136701.3031827043,-319402.4254193618,-103704.2807444355,1512717.92069074
137895.8817715101,-318055.4627316752,-103047.4040445572,1514025.838717853
138992.0500049973,-316718.6934049845,-102398.3827672431,1515333.955470566
139991.9571214024,-315400.9748969212,-101761.8549711732,1516642.120649514
140898.8477927183,-314110.817892133,-101142.2636138957,1517950.276481803
141716.8835452388,-312856.481294067,-100543.8986989051,1519258.271004679
142451.2012203591,-311645.7433844766,-99970.78336350189,1520565.996742866
143107.8287527361,-310485.8483483872,-99426.64528950983,1521873.362375633
143693.6042106508,-309383.4516091784,-98914.88746190115,1523180.266817543
144216.1180315664,-308344.5154363521,-98438.53612084688,1524486.636653496
144683.6190234213,-307374.2605111352,-98000.21568265148,1525792.410687322
145104.9214816413,-306477.1134711258,-97602.12218608281,1527097.535931354
145489.3219964786,-305656.6295886076,-97245.98687209029,1528402.017006744
145846.4761716978,-304915.50235368,-96933.07931852275,1529705.85464146
146186.3048674059,-304255.5144856798,-96664.18529027296,1531009.081201174
146518.8896344896,-303677.5214269711,-96439.60055765389,1532311.773254571
146854.3519538365,-303181.4730714507,-96259.14076504568,1533613.997495617
147202.7655670678,-302766.3896495962,-96122.13472703112,1534915.880329278
147574.0296080849,-302430.4090503593,-96027.44557660962,1536217.519546591
147977.7902044959,-302170.7826582844,-95973.47545937702,1537519.067534013
148423.3127128306,-301983.9307163525,-95958.18990549279,1538820.629661181
148919.4142000402,-301865.4608571805,-95979.13476976525,1540122.352395568
149474.3711282217,-301810.2247916806,-96033.46604785732,1541424.398356362
150095.8028216649,-301812.3729157097,-96117.9751484146,1542726.869378972
150790.6331572527,-301865.4078419475,-96229.12454980817,1544029.901652876
151564.9779724187,-301962.250262317,-96363.0782043591,1545333.578724065
152424.1025612533,-302095.3095779709,-96515.74303416318,1546637.980071525
153372.3547200647,-302256.5599840475,-96682.8088764386,1547943.162301392
154413.1088088605,-302437.6205082466,-96859.79112504641,1549249.151607952
155548.7185363715,-302629.8397989956,-97042.07594231726,1550555.939149659
156780.5150038514,-302824.3910675637,-97224.97304250905,1551863.514798135
158108.7594120244,-303012.3601070081,-97403.76050473546,1553171.833952749
159532.5899577206,-303184.8359755044,-97573.73083265408,1554480.782735813
161050.1191224145,-303333.0217779155,-97730.25524608085,1555790.272356255
162658.408948479,-303448.32425529,-97868.82822476552,1557100.196361286
164353.5196758825,-303522.44952979,-97985.1188098983,1558410.448605521
166130.464352775,-303547.4929187676,-98075.0138655716,1559720.860843733
167983.3718768738,-303516.034689009,-98134.67326020615,1561031.292683026
169905.5397827976,-303421.2184281455,-98160.5696462607,1562341.619904537
171889.4681629632,-303256.8278378607,-98149.52641803774,1563651.707855507
173926.9689925086,-303017.3556396989,-98098.75409243151,1564961.431962834
176009.2928189293,-302698.0575902728,-98005.87882686318,1566270.700897614
178127.1379379865,-302295.015728969,-97868.97116968335,1567579.401505727
180270.9190864955,-301805.1492679691,-97686.55627770524,1568887.502778112
182430.6897720852,-301226.2777821497,-97457.63905525453,1570194.942122698
184596.3906939305,-300557.1113737514,-97181.70229900531,1571501.71178329
186757.9079426252,-299797.2674903774,-96858.71206429861,1572807.827611745
188905.1494665945,-298947.2821616103,-96489.12070606311,1574113.309849415
191028.2378664034,-298008.5651233195,-96073.84463042833,1575418.235426454
193117.4810519581,-296983.4334776733,-95614.27540696372,1576722.656537499
195163.6198222927,-295875.0159095392,-95112.23315524343,1578026.691563206
197157.7578088722,-294687.2968129313,-94569.98171433767,1579330.421149952
197369.9235766403,-294554.3032237694,-94509.04412465899,1579471.387267637
197541.6427462245,-294445.6959593051,-94459.25161659774,1579585.828161438
197741.948286188,-294317.9052352651,-94400.63220501353,1579719.722717511
198321.5330360105,-293941.3455549116,-94227.70865940125,1580109.680163127
199878.9351915735,-292877.4264085915,-93737.80027348435,1581177.962667088
201674.5408450659,-291549.5927716214,-93124.21378335335,1582452.708510042
203429.4667239236,-290135.7782127445,-92469.09804077467,1583753.027449676
203845.9081042792,-289781.8971498557,-92304.91990199247,1584070.839363697
204069.2464371794,-289589.0342348764,-92215.41820682306,1584242.893604224
204271.6076049594,-289412.3918320594,-92133.42979923925,1584399.794001679
204922.6573472543,-288831.5200768968,-91863.73800857097,1584911.384008673
206378.5627619297,-287458.5818160736,-91225.99369429974,1586097.050852864
207875.952039559,-285927.6661862214,-90514.81789696187,1587387.52984826
209292.446723928,-284350.9776351051,-89782.90290593235,1588690.713463817
210612.0857870983,-282749.7532773407,-89040.71685967871,1589995.730258489
211831.8282085029,-281134.2451737867,-88293.61958411905,1591301.364711311
212950.9217136145,-279513.5258839153,-87546.41206579348,1592607.481957355
213969.7508082367,-277896.5850216603,-86803.83953670622,1593914.025204722
214889.7628913912,-276292.3001338509,-86070.57193960794,1595220.960259961
215713.4074733083,-274709.4139692139,-85351.18703930968,1596528.217273636
216444.1292595789,-273156.4202367667,-84650.11153529867,1597835.706705961
217086.3435750197,-271641.4519259256,-83971.56394203517,1599143.335773982
217645.3795326081,-270172.2184019093,-83319.51989469721,1600450.986275263
218127.4429585315,-268755.8734630566,-82697.64716068527,1601758.556372195
218539.5374820697,-267398.9623959379,-82109.27677613169,1603065.939826041
218889.3854390564,-266107.3645495172,-81557.37232200708,1604373.010811757
219185.3657189603,-264886.1422773817,-81044.46045666287,1605679.713688488
219436.3855601966,-263739.6192655466,-80572.66021694888,1606985.927249829
219651.8154763948,-262671.1994213283,-80143.60359974254,1608291.609563737
219841.3643524322,-261683.4191615953,-79758.45551777998,1609596.704957297
220014.9832225221,-260777.8729143765,-79417.88268540549,1610901.205958147
220182.7500243253,-259955.2335565659,-79122.06202267906,1612205.112067144
220354.7646672202,-259215.2308260768,-78870.6740118749,1613508.456765802
220541.0410366045,-258556.6647911062,-78662.91130888434,1614811.303242459
220751.4017889001,-257977.4281059298,-78497.49178457011,1616113.738612854
220995.3724468746,-257474.542717247,-78372.67697737124,1617415.848159604
221282.0896578521,-257044.178308496,-78286.28754267517,1618717.751585401
221620.2028895988,-256681.7089150522,-78235.73132882825,1620019.570112054
222017.7953163907,-256381.7546027721,-78218.03017013388,1621321.455570613
222482.2961703879,-256138.249024798,-78229.8533894569,1622623.556170519
223020.3853671059,-255944.5062724973,-78267.54958716396,1623925.970436749
223637.9704913706,-255793.2696450769,-78327.18621446133,1625228.863250976
224340.0841197699,-255676.8047989882,-78404.58759673093,1626532.351120817
225130.8223246599,-255586.9720016047,-78495.37465131027,1627836.506035295
226013.3224939768,-255515.3043906298,-78595.01204332853,1629141.40117754
226989.7367040414,-255453.0959761333,-78698.85569881881,1630447.113929701
228061.1526474484,-255391.4943658299,-78802.19483183791,1631753.653721104
229227.6262208924,-255321.5890232887,-78900.30644591873,1633061.032706557
230488.1405976537,-255234.5073328895,-78988.50176620994,1634369.221832079
231840.603915909,-255121.5105436124,-79062.17703482952,1635678.150509577
233281.9022839943,-254974.0863882518,-79116.8662864715,1636987.745244114
234807.892882263,-254784.0458896153,-79148.28876587888,1638297.896233492
236413.4861417252,-254543.6098724458,-79152.39807609511,1639608.496558468
238092.6503205376,-254245.5024619972,-79125.4269671506,1640919.403536629
239838.505313763,-253883.0305011756,-79063.93130339026,1642230.467774486
241643.4176517318,-253450.1542944068,-78964.82794369901,1643541.549634142
243499.0692338673,-252941.5573705157,-78825.42926473579,1644852.508818882
245396.5172730674,-252352.7167940726,-78643.47692315478,1646163.184682513
247326.3796705329,-251679.9287548823,-78417.15988134121,1647473.458154127
249278.8852466745,-250920.3621911702,-78145.13732132342,1648783.214226679
251243.9984576165,-250072.0834280613,-77826.55108555229,1650092.354461004
253211.5364298032,-249134.0717213796,-77461.03248445009,1651400.801799644
255171.3122979664,-248106.2087995655,-77048.69701555347,1652708.522187453
257113.1809738119,-246989.3064655482,-76590.15275717516,1654015.481766046
259027.2403333326,-245785.0407713177,-76086.46996322602,1655321.709504537
260903.8061499501,-244496.0049670817,-75539.19826926901,1656627.209217218
262733.655944808,-243125.5858865928,-74950.30949033283,1657932.057481259
263909.8229668417,-242179.9110938022,-74540.58973902735,1658791.710671189
264383.72914575,-241783.4805057374,-74368.15042706754,1659143.508631946
264603.552878356,-241596.4660626984,-74286.67577261885,1659307.842134137
264805.2048111724,-241423.1317049021,-74211.09157765727,1659459.25849909
265389.0759469969,-240911.4183657102,-73987.58492494418,1659901.446585136
266888.1289492366,-239526.7387490582,-73380.35231133887,1661065.271632187
268476.8836663342,-237936.1828712547,-72679.32563605026,1662351.994723908
270003.8037362972,-236270.4408999181,-71942.23817752603,1663653.140004678
270259.2156796035,-235977.1372834377,-71812.21774898571,1663878.082724742
270427.1317472173,-235781.8527048996,-71725.61671075255,1664027.227810712
270585.4084234659,-235595.9536612867,-71643.15543434156,1664168.755905773
271082.8276496751,-234999.8142386569,-71378.58593971492,1664619.787080924
272298.0957978602,-233461.1086603528,-70694.97699884861,1665766.178442864
273573.2111177754,-231702.5957585243,-69913.02241869405,1667050.591149938
274768.4436368613,-229891.9597201326,-69107.89958014437,1668351.678500022
275865.898088171,-228057.3413517876,-68292.90323631713,1669654.942397657
276862.4264000545,-226209.7998453614,-67473.73530928856,1670958.756811882
277757.4134732173,-224358.3869769645,-66655.19431643927,1672263.026885851
278551.3775406301,-222512.0091065008,-65841.99536239423,1673567.764370155
279245.8682636052,-220679.4817704985,-65038.78640964867,1674872.981228179
279843.4335446439,-218869.4838755056,-64250.11981630304,1676178.655788407
280347.6154009615,-217090.4136991218,-63480.38110501005,1677484.769819886
280762.8927838255,-215350.377413519,-62733.77576347067,1678791.250917118
281094.6647352364,-213657.0093592574,-62014.24358285276,1680098.039969138
281349.1809532964,-212017.4372876247,-61325.43649543699,1681405.056045426
281533.4785759491,-210438.2161361231,-60670.68287921054,1682712.185031292
281655.3177219704,-208925.1792854962,-60052.91871043177,1684019.342424581
281723.0879606265,-207483.4548323448,-59474.68842529801,1685326.407124812
281745.7237381297,-206117.3517467339,-58938.09285006404,1686633.269207831
281732.6037853323,-204830.2993747104,-58444.76147094575,1687939.847265976
281693.4464154773,-203624.8423273647,-57995.84775023296,1689246.061302256
281638.2041723089,-202502.6199581657,-57592.01880655627,1690551.823485538
281576.9521669882,-201464.3030883952,-57233.43187250853,1691857.092736219
281519.77851134,-200509.6197167077,-56919.74588597527,1693161.846339551
281476.6762235929,-199637.3809319454,-56650.13284748276,1694466.049980442
281457.4325019793,-198845.4233892401,-56423.26605218937,1695769.770617201
281471.5308557972,-198130.7341088069,-56237.36730210875,1697073.034810298
281528.0494013404,-197489.4306499138,-56090.21045343581,1698375.910931861
281635.5688196254,-196916.8201978582,-55979.15169136881,1699678.489750985
281802.0865318034,-196407.4527554768,-55901.15956989641,1700980.885369785
282034.9339457595,-195955.1898416007,-55852.8495133369,1702283.211476414
282340.7030320915,-195553.2644550178,-55830.51851089911,1703585.591063881
282725.184469271,-195194.3498925664,-55830.18430812247,1704888.165998936
283193.3061208011,-194870.6429619398,-55847.627258815,1706191.073686222
283749.0795986024,-194573.9443915637,-55878.4328927586,1707494.439534622
284395.5534043709,-194295.7428817899,-55918.03628059231,1708798.369422345
285134.7857370795,-194027.2983736858,-55961.7688849112,1710102.963538072
285967.8152727953,-193759.7341422005,-56004.90599021647,1711408.303039579
286894.6477110798,-193484.1273764766,-56042.7152573473,1712714.451299713
287914.2398712746,-193191.6046902901,-56070.50536527445,1714021.438476036
289024.4859496183,-192873.440384074,-56083.6756633832,1715329.243680008
290222.2941891126,-192521.1324868385,-56077.76648548101,1716637.868274841
291503.5497451714,-192126.5129436116,-56048.50624411572,1717947.257651284
292863.1581625897,-191681.8370631795,-55991.86042893549,1719257.316386711
294295.1333324572,-191179.8585400087,-55904.07600277217,1720567.94794423
295792.6509669808,-190613.9121411471,-55781.72288808777,1721879.045337962
297348.0933509825,-189977.999322121,-55621.73525686564,1723190.469860402
298953.1204563185,-189266.8648083147,-55421.45035222889,1724502.048022812
300598.8203370161,-188476.0336012949,-55178.63355214085,1725813.623661851
302275.8387201938,-187601.841158483,-54891.49573716454,1727125.081262528
303974.3508253502,-186641.540967341,-54558.73473037774,1728436.24378962
305684.3132336886,-185593.2631574073,-54179.52680321763,1729746.98725089
307395.4829620466,-184456.0849705113,-53753.55242933522,1731057.169600111
309097.6088111182,-183229.9917758699,-53280.98175952596,1732366.691810021
310780.5347895302,-181915.8724835514,-52762.46934868705,1733675.491962139
312434.2427058649,-180515.5582803085,-52199.16554363236,1734983.493219665
314049.0278982213,-179031.7497771598,-51592.68292797933,1736290.656330774
315615.6079319417,-177467.9708482958,-50945.07078958282,1737596.985801891
317125.194127141,-175828.5441099524,-50258.79765591823,1738902.510748606
317287.6074264289,-175643.5746917153,-50180.97182488371,1739046.245936025
317442.8295754199,-175465.1357782161,-50105.82486242793,1739184.27647443
317595.0488336423,-175288.546871498,-50031.39222324462,1739320.279996761
318075.127410175,-174720.909865084,-49791.7150494488,1739753.586499079
319263.7306475583,-173240.4109785539,-49163.91669407923,1740858.262971486
320572.5036611103,-171469.5718285347,-48408.82442009531,1742137.895090366
321821.5855366791,-169614.7438473731,-47614.24853086961,1743438.368809072
322034.9962039224,-169279.1623101118,-47470.17902632088,1743669.945666043
322170.5574698428,-169062.8858798057,-47377.28600978354,1743818.648135976
322298.2226126118,-168856.9293461557,-47288.79608364893,1743959.87058871
322682.416381049,-168223.2144820819,-47016.35267556537,1744392.152985174
323634.7212674222,-166552.4551875146,-46297.10438416011,1745517.239325063
324632.5743505924,-164617.7247073213,-45463.13964634787,1746798.342090764
325547.7323044018,-162627.4654482979,-44604.93826558262,1748098.183785577
326363.7981180605,-160615.0580286595,-43737.79578080137,1749400.165045517
327078.0209665077,-158592.0540193751,-42867.6067070068,1750702.505176223
327689.9866356243,-156567.4978315502,-41999.17300306921,1752005.132281082
328200.3871184718,-154550.2698558105,-41137.204735621,1753308.074116241
328610.9645569058,-152549.0334022712,-40286.28855995605,1754611.431094806
328924.436073289,-150572.3512900228,-39450.92846708288,1755915.242195141
329144.4924022707,-148628.5188227758,-38635.46525568393,1757219.534194912
329275.7606737701,-146725.4872676662,-37844.0352037688,1758524.313990958
329323.7603283732,-144870.7827596628,-37080.5272100369,1759829.565518943
329294.849576398,-143071.407889158,-36348.53348542485,1761135.261694738
329196.1634552054,-141333.8135788732,-35651.32958868374,1762441.328647791
329035.5419061125,-139663.7663008188,-34991.81259226988,1763747.689111624
328821.4437946513,-138066.2789094381,-34372.46706686464,1765054.26893594
328562.8641968047,-136545.6087398129,-33795.35803820173,1766360.953185672
328269.2239379119,-135105.1155647604,-33262.07130521876,1767667.665542336
327950.2814575169,-133747.3128201633,-32773.72941663093,1768974.293572549
327616.015986248,-132473.7798120794,-32330.95632475404,1770280.741164694
327276.5182084925,-131285.1526499775,-31933.8740631591,1771586.924885307
326941.8782579054,-130181.1158322175,-31582.10150459873,1772892.779949924
326622.0849965953,-129160.438591501,-31274.76907993596,1774198.22273429
326326.892005824,-128220.9095478348,-31010.50494341382,1775503.254958056
326065.744912327,-127359.468182673,-30787.48308268473,1776807.831269049
325847.6536035881,-126572.1535979716,-30603.41969273553,1778111.979226966
325681.1135535791,-125854.1996429779,-30455.61389730742,1779415.734211507
325574.0150720932,-125200.0784156956,-30340.97543600093,1780719.154969964
325533.5640694927,-124603.5657791069,-30256.05989758228,1782022.316815308
325566.2097166496,-124057.8076011581,-30197.10610546573,1783325.315542321
325677.5818414409,-123555.395245182,-30160.07706199814,1784628.264709655
325872.4359770202,-123088.4477295911,-30140.70305642362,1785931.286020973
326154.6074948029,-122648.6930592616,-30134.52606521389,1787234.510444244
326526.9675617062,-122227.5619910248,-30136.94570587034,1788538.05128918
326991.3973887603,-121816.267911702,-30143.26616762052,1789842.02605288
327548.7719735712,-121405.8971193872,-30148.74448801479,1791146.555789304
328198.9385062845,-120987.5090687326,-30148.63884565351,1792451.734587725
328940.7254217914,-120552.2200513418,-30138.25721547531,1793757.653436007
329771.9218218378,-120091.3120117848,-30113.00644889625,1795064.349071716
330689.3101859415,-119596.3141432476,-30068.44128225343,1796371.838575706
331688.7086531704,-119059.0867863043,-30000.31098305374,1797680.134897074
332764.9947053515,-118471.9175721415,-29904.60557986439,1798989.222100668
333912.1411741688,-117827.6130559376,-29777.60166083152,1800299.042977486
335123.2952292196,-117119.5686653719,-29615.90277869812,1801609.525087138
336390.8340578681,-116341.8516682894,-29416.47982317381,1802920.565963374
337706.4544706899,-115489.2638986351,-29176.70509685051,1804232.046566717
339061.2298325851,-114557.4244357242,-28894.38999656702,1805543.802860391
340445.78970933,-113542.7657968808,-28567.79470029449,1806855.709048896
341850.3512178187,-112442.6225223361,-28195.66209509917,1808167.608631938
343264.8657208193,-111255.2355527076,-27777.22450084727,1809479.354076181
344679.0846340962,-109979.8126705534,-27312.22702947322,1810790.765939956
346082.7800736909,-108616.4436478969,-26800.89663979007,1812101.733573654
347465.7471803537,-107166.1959197966,-26243.97423677154,1813412.113113643
348817.9910565251,-105631.0330227867,-25642.68057775966,1814721.797938028
350129.803678592,-104013.8225336978,-24998.71347475862,1816030.688783806
351391.9117022929,-102318.2481524206,-24314.20617111884,1817338.737312122
352595.5259369117,-100548.8239726409,-23591.72503799238,1818645.897918404
352727.1672952822,-100344.9587664953,-23508.02848872134,1818793.191382138
352845.2450786605,-100160.2144482826,-23432.10810946671,1818926.123774413
352966.0471606477,-99969.32151027513,-23353.58902098917,1819062.946105166
353314.6930484883,-99407.28621765252,-23122.00220604286,1819462.7347528
354319.4596784751,-97685.63074142348,-22409.19649404503,1820661.410031386
355329.6559732388,-95772.42667446862,-21612.11868478412,1821953.801208059
356264.8842032558,-93790.74418505268,-20782.33586901046,1823256.504241331
356405.6437057096,-93470.92915337767,-20648.10669952747,1823463.818086486
356506.4515068798,-93237.93282411402,-20550.26922558423,1823614.390197757
356609.1403592321,-92997.047668411,-20449.07975272492,1823769.662634318
356896.67631777,-92302.2801944956,-20157.01946251042,1824215.342489106
357581.8187979021,-90506.04930275609,-19400.7808745932,1825354.30948633
358265.3552940459,-88452.72452967,-18535.00391691091,1826637.198280112
358859.6325473499,-86347.7707999617,-17647.0192758076,1827937.007364398
359353.3779388523,-84224.04580664668,-16751.67841546695,1829238.471799227
359744.6240436244,-82093.01470683872,-15854.82108908384,1830539.986031363
360033.2403365051,-79963.71730494646,-14961.25030420297,1831841.493242816
360220.1824124056,-77844.90628850773,-14075.62401145322,1833143.092691561
360307.4154698992,-75745.18928487865,-13202.50516782768,1834444.895899447
360297.888427426,-73672.97644832966,-12346.32997989787,1835747.003731574
360195.5068932147,-71636.41351884001,-11511.37018906266,1837049.492883612
360005.0950058593,-69643.26059419318,-10701.67350200294,1838352.438352327
359732.3508410517,-67700.85399299736,-9921.038753290917,1839655.88514728
359383.7971320193,-65816.03724371101,-9172.978493021643,1840959.839969175
358966.7090997029,-63995.03159674497,-8460.658467774127,1842264.308172476
358489.0476696998,-62243.40867441556,-7786.879028213438,1843569.265860587
357959.3827423842,-60566.03110112866,-7154.044165347761,1844874.655568961
357386.7903249947,-58966.94854393681,-6564.115278233788,1846180.423457804
356780.7688623959,-57449.39162132978,-6018.603742297259,1847486.488854338
356151.1321605536,-56015.71308718173,-5518.544802367286,1848792.760486866
355507.9062201701,-54667.36500204898,-5064.486535010922,1850099.131711177
354861.1909657419,-53404.82315598138,-4656.463838328244,1851405.540237576
354228.4863444049,-52240.92031992686,-4297.997870101215,1852696.637911408
